match_id,season,start_date,venue,innings,ball,batting_team,bowling_team,striker,non_striker,bowler,runs_off_bat,extras,wides,noballs,byes,legbyes,penalty,wicket_type,player_dismissed,other_wicket_type,other_player_dismissed
1118493,2017/18,2017-12-31,Aurora Stadium,1,0.1,Hobart Hurricanes,Sydney Thunder,HK Matthews,S Daffara,SL Bates,0,0,,,,,,,,,
1118493,2017/18,2017-12-31,Aurora Stadium,1,0.2,Hobart Hurricanes,Sydney Thunder,HK Matthews,S Daffara,SL Bates,0,0,,,,,,,,,
1118493,2017/18,2017-12-31,Aurora Stadium,1,0.3,Hobart Hurricanes,Sydney Thunder,HK Matthews,S Daffara,SL Bates,0,0,,,,,,,,,
1118493,2017/18,2017-12-31,Aurora Stadium,1,0.4,Hobart Hurricanes,Sydney Thunder,HK Matthews,S Daffara,SL Bates,2,0,,,,,,,,,
1118493,2017/18,2017-12-31,Aurora Stadium,1,0.5,Hobart Hurricanes,Sydney Thunder,HK Matthews,S Daffara,SL Bates,0,0,,,,,,,,,
1118493,2017/18,2017-12-31,Aurora Stadium,1,0.6,Hobart Hurricanes,Sydney Thunder,HK Matthews,S Daffara,SL Bates,0,1,1,,,,,,,,
1118493,2017/18,2017-12-31,Aurora Stadium,1,0.7,Hobart Hurricanes,Sydney Thunder,HK Matthews,S Daffara,SL Bates,0,0,,,,,,,,,
1118493,2017/18,2017-12-31,Aurora Stadium,1,1.1,Hobart Hurricanes,Sydney Thunder,S Daffara,HK Matthews,B Vakarewa,1,0,,,,,,,,,
1118493,2017/18,2017-12-31,Aurora Stadium,1,1.2,Hobart Hurricanes,Sydney Thunder,HK Matthews,S Daffara,B Vakarewa,0,0,,,,,,,,,
1118493,2017/18,2017-12-31,Aurora Stadium,1,1.3,Hobart Hurricanes,Sydney Thunder,HK Matthews,S Daffara,B Vakarewa,0,0,,,,,,,,,
1118493,2017/18,2017-12-31,Aurora Stadium,1,1.4,Hobart Hurricanes,Sydney Thunder,HK Matthews,S Daffara,B Vakarewa,2,0,,,,,,,,,
1118493,2017/18,2017-12-31,Aurora Stadium,1,1.5,Hobart Hurricanes,Sydney Thunder,HK Matthews,S Daffara,B Vakarewa,0,0,,,,,,,,,
1118493,2017/18,2017-12-31,Aurora Stadium,1,1.6,Hobart Hurricanes,Sydney Thunder,HK Matthews,S Daffara,B Vakarewa,4,0,,,,,,,,,
1118493,2017/18,2017-12-31,Aurora Stadium,1,2.1,Hobart Hurricanes,Sydney Thunder,S Daffara,HK Matthews,SL Bates,1,0,,,,,,,,,
1118493,2017/18,2017-12-31,Aurora Stadium,1,2.2,Hobart Hurricanes,Sydney Thunder,HK Matthews,S Daffara,SL Bates,0,0,,,,,,caught,HK Matthews,,
1118493,2017/18,2017-12-31,Aurora Stadium,1,2.3,Hobart Hurricanes,Sydney Thunder,S Daffara,CL Hall,SL Bates,4,0,,,,,,,,,
1118493,2017/18,2017-12-31,Aurora Stadium,1,2.4,Hobart Hurricanes,Sydney Thunder,S Daffara,CL Hall,SL Bates,0,0,,,,,,,,,
1118493,2017/18,2017-12-31,Aurora Stadium,1,2.5,Hobart Hurricanes,Sydney Thunder,S Daffara,CL Hall,SL Bates,0,0,,,,,,,,,
1118493,2017/18,2017-12-31,Aurora Stadium,1,2.6,Hobart Hurricanes,Sydney Thunder,S Daffara,CL Hall,SL Bates,0,0,,,,,,,,,
1118493,2017/18,2017-12-31,Aurora Stadium,1,3.1,Hobart Hurricanes,Sydney Thunder,CL Hall,S Daffara,B Vakarewa,0,0,,,,,,,,,
1118493,2017/18,2017-12-31,Aurora Stadium,1,3.2,Hobart Hurricanes,Sydney Thunder,CL Hall,S Daffara,B Vakarewa,0,0,,,,,,,,,
1118493,2017/18,2017-12-31,Aurora Stadium,1,3.3,Hobart Hurricanes,Sydney Thunder,CL Hall,S Daffara,B Vakarewa,3,0,,,,,,,,,
1118493,2017/18,2017-12-31,Aurora Stadium,1,3.4,Hobart Hurricanes,Sydney Thunder,S Daffara,CL Hall,B Vakarewa,0,4,,,,4,,,,,
1118493,2017/18,2017-12-31,Aurora Stadium,1,3.5,Hobart Hurricanes,Sydney Thunder,S Daffara,CL Hall,B Vakarewa,1,0,,,,,,,,,
1118493,2017/18,2017-12-31,Aurora Stadium,1,3.6,Hobart Hurricanes,Sydney Thunder,CL Hall,S Daffara,B Vakarewa,0,0,,,,,,,,,
1118493,2017/18,2017-12-31,Aurora Stadium,1,4.1,Hobart Hurricanes,Sydney Thunder,S Daffara,CL Hall,SL Bates,0,0,,,,,,,,,
1118493,2017/18,2017-12-31,Aurora Stadium,1,4.2,Hobart Hurricanes,Sydney Thunder,S Daffara,CL Hall,SL Bates,1,0,,,,,,,,,
1118493,2017/18,2017-12-31,Aurora Stadium,1,4.3,Hobart Hurricanes,Sydney Thunder,CL Hall,S Daffara,SL Bates,0,0,,,,,,,,,
1118493,2017/18,2017-12-31,Aurora Stadium,1,4.4,Hobart Hurricanes,Sydney Thunder,CL Hall,S Daffara,SL Bates,1,0,,,,,,,,,
1118493,2017/18,2017-12-31,Aurora Stadium,1,4.5,Hobart Hurricanes,Sydney Thunder,S Daffara,CL Hall,SL Bates,1,0,,,,,,,,,
1118493,2017/18,2017-12-31,Aurora Stadium,1,4.6,Hobart Hurricanes,Sydney Thunder,CL Hall,S Daffara,SL Bates,0,0,,,,,,,,,
1118493,2017/18,2017-12-31,Aurora Stadium,1,5.1,Hobart Hurricanes,Sydney Thunder,S Daffara,CL Hall,RM Farrell,0,0,,,,,,,,,
1118493,2017/18,2017-12-31,Aurora Stadium,1,5.2,Hobart Hurricanes,Sydney Thunder,S Daffara,CL Hall,RM Farrell,0,0,,,,,,,,,
1118493,2017/18,2017-12-31,Aurora Stadium,1,5.3,Hobart Hurricanes,Sydney Thunder,S Daffara,CL Hall,RM Farrell,0,0,,,,,,,,,
1118493,2017/18,2017-12-31,Aurora Stadium,1,5.4,Hobart Hurricanes,Sydney Thunder,S Daffara,CL Hall,RM Farrell,4,0,,,,,,,,,
1118493,2017/18,2017-12-31,Aurora Stadium,1,5.5,Hobart Hurricanes,Sydney Thunder,S Daffara,CL Hall,RM Farrell,0,0,,,,,,,,,
1118493,2017/18,2017-12-31,Aurora Stadium,1,5.6,Hobart Hurricanes,Sydney Thunder,S Daffara,CL Hall,RM Farrell,4,0,,,,,,,,,
1118493,2017/18,2017-12-31,Aurora Stadium,1,6.1,Hobart Hurricanes,Sydney Thunder,CL Hall,S Daffara,NJ Carey,0,0,,,,,,,,,
1118493,2017/18,2017-12-31,Aurora Stadium,1,6.2,Hobart Hurricanes,Sydney Thunder,CL Hall,S Daffara,NJ Carey,0,0,,,,,,,,,
1118493,2017/18,2017-12-31,Aurora Stadium,1,6.3,Hobart Hurricanes,Sydney Thunder,CL Hall,S Daffara,NJ Carey,0,0,,,,,,,,,
1118493,2017/18,2017-12-31,Aurora Stadium,1,6.4,Hobart Hurricanes,Sydney Thunder,CL Hall,S Daffara,NJ Carey,2,0,,,,,,,,,
1118493,2017/18,2017-12-31,Aurora Stadium,1,6.5,Hobart Hurricanes,Sydney Thunder,CL Hall,S Daffara,NJ Carey,1,0,,,,,,,,,
1118493,2017/18,2017-12-31,Aurora Stadium,1,6.6,Hobart Hurricanes,Sydney Thunder,S Daffara,CL Hall,NJ Carey,1,0,,,,,,,,,
1118493,2017/18,2017-12-31,Aurora Stadium,1,7.1,Hobart Hurricanes,Sydney Thunder,S Daffara,CL Hall,SR Taylor,0,0,,,,,,,,,
1118493,2017/18,2017-12-31,Aurora Stadium,1,7.2,Hobart Hurricanes,Sydney Thunder,S Daffara,CL Hall,SR Taylor,1,0,,,,,,,,,
1118493,2017/18,2017-12-31,Aurora Stadium,1,7.3,Hobart Hurricanes,Sydney Thunder,CL Hall,S Daffara,SR Taylor,1,0,,,,,,,,,
1118493,2017/18,2017-12-31,Aurora Stadium,1,7.4,Hobart Hurricanes,Sydney Thunder,S Daffara,CL Hall,SR Taylor,1,0,,,,,,,,,
1118493,2017/18,2017-12-31,Aurora Stadium,1,7.5,Hobart Hurricanes,Sydney Thunder,CL Hall,S Daffara,SR Taylor,1,0,,,,,,,,,
1118493,2017/18,2017-12-31,Aurora Stadium,1,7.6,Hobart Hurricanes,Sydney Thunder,S Daffara,CL Hall,SR Taylor,1,0,,,,,,,,,
1118493,2017/18,2017-12-31,Aurora Stadium,1,8.1,Hobart Hurricanes,Sydney Thunder,S Daffara,CL Hall,NJ Carey,1,0,,,,,,,,,
1118493,2017/18,2017-12-31,Aurora Stadium,1,8.2,Hobart Hurricanes,Sydney Thunder,CL Hall,S Daffara,NJ Carey,0,0,,,,,,,,,
1118493,2017/18,2017-12-31,Aurora Stadium,1,8.3,Hobart Hurricanes,Sydney Thunder,CL Hall,S Daffara,NJ Carey,1,0,,,,,,,,,
1118493,2017/18,2017-12-31,Aurora Stadium,1,8.4,Hobart Hurricanes,Sydney Thunder,S Daffara,CL Hall,NJ Carey,1,0,,,,,,,,,
1118493,2017/18,2017-12-31,Aurora Stadium,1,8.5,Hobart Hurricanes,Sydney Thunder,CL Hall,S Daffara,NJ Carey,1,0,,,,,,,,,
1118493,2017/18,2017-12-31,Aurora Stadium,1,8.6,Hobart Hurricanes,Sydney Thunder,S Daffara,CL Hall,NJ Carey,1,0,,,,,,,,,
1118493,2017/18,2017-12-31,Aurora Stadium,1,9.1,Hobart Hurricanes,Sydney Thunder,S Daffara,CL Hall,SR Taylor,1,0,,,,,,,,,
1118493,2017/18,2017-12-31,Aurora Stadium,1,9.2,Hobart Hurricanes,Sydney Thunder,CL Hall,S Daffara,SR Taylor,0,0,,,,,,,,,
1118493,2017/18,2017-12-31,Aurora Stadium,1,9.3,Hobart Hurricanes,Sydney Thunder,CL Hall,S Daffara,SR Taylor,0,0,,,,,,,,,
1118493,2017/18,2017-12-31,Aurora Stadium,1,9.4,Hobart Hurricanes,Sydney Thunder,CL Hall,S Daffara,SR Taylor,0,0,,,,,,caught,CL Hall,,
1118493,2017/18,2017-12-31,Aurora Stadium,1,9.5,Hobart Hurricanes,Sydney Thunder,S Daffara,G Redmayne,SR Taylor,2,0,,,,,,,,,
1118493,2017/18,2017-12-31,Aurora Stadium,1,9.6,Hobart Hurricanes,Sydney Thunder,S Daffara,G Redmayne,SR Taylor,0,0,,,,,,,,,
1118493,2017/18,2017-12-31,Aurora Stadium,1,10.1,Hobart Hurricanes,Sydney Thunder,G Redmayne,S Daffara,RM Farrell,0,2,,,,2,,,,,
1118493,2017/18,2017-12-31,Aurora Stadium,1,10.2,Hobart Hurricanes,Sydney Thunder,G Redmayne,S Daffara,RM Farrell,0,0,,,,,,,,,
1118493,2017/18,2017-12-31,Aurora Stadium,1,10.3,Hobart Hurricanes,Sydney Thunder,G Redmayne,S Daffara,RM Farrell,0,1,,,,1,,,,,
1118493,2017/18,2017-12-31,Aurora Stadium,1,10.4,Hobart Hurricanes,Sydney Thunder,S Daffara,G Redmayne,RM Farrell,0,0,,,,,,,,,
1118493,2017/18,2017-12-31,Aurora Stadium,1,10.5,Hobart Hurricanes,Sydney Thunder,S Daffara,G Redmayne,RM Farrell,1,0,,,,,,,,,
1118493,2017/18,2017-12-31,Aurora Stadium,1,10.6,Hobart Hurricanes,Sydney Thunder,G Redmayne,S Daffara,RM Farrell,1,0,,,,,,,,,
1118493,2017/18,2017-12-31,Aurora Stadium,1,11.1,Hobart Hurricanes,Sydney Thunder,G Redmayne,S Daffara,ML Gibson,1,0,,,,,,,,,
1118493,2017/18,2017-12-31,Aurora Stadium,1,11.2,Hobart Hurricanes,Sydney Thunder,S Daffara,G Redmayne,ML Gibson,2,0,,,,,,,,,
1118493,2017/18,2017-12-31,Aurora Stadium,1,11.3,Hobart Hurricanes,Sydney Thunder,S Daffara,G Redmayne,ML Gibson,0,0,,,,,,stumped,S Daffara,,
1118493,2017/18,2017-12-31,Aurora Stadium,1,11.4,Hobart Hurricanes,Sydney Thunder,L Winfield,G Redmayne,ML Gibson,1,0,,,,,,,,,
1118493,2017/18,2017-12-31,Aurora Stadium,1,11.5,Hobart Hurricanes,Sydney Thunder,G Redmayne,L Winfield,ML Gibson,0,0,,,,,,,,,
1118493,2017/18,2017-12-31,Aurora Stadium,1,11.6,Hobart Hurricanes,Sydney Thunder,G Redmayne,L Winfield,ML Gibson,0,0,,,,,,,,,
1118493,2017/18,2017-12-31,Aurora Stadium,1,12.1,Hobart Hurricanes,Sydney Thunder,L Winfield,G Redmayne,RM Farrell,0,0,,,,,,,,,
1118493,2017/18,2017-12-31,Aurora Stadium,1,12.2,Hobart Hurricanes,Sydney Thunder,L Winfield,G Redmayne,RM Farrell,1,0,,,,,,,,,
1118493,2017/18,2017-12-31,Aurora Stadium,1,12.3,Hobart Hurricanes,Sydney Thunder,G Redmayne,L Winfield,RM Farrell,1,0,,,,,,,,,
1118493,2017/18,2017-12-31,Aurora Stadium,1,12.4,Hobart Hurricanes,Sydney Thunder,L Winfield,G Redmayne,RM Farrell,0,0,,,,,,,,,
1118493,2017/18,2017-12-31,Aurora Stadium,1,12.5,Hobart Hurricanes,Sydney Thunder,L Winfield,G Redmayne,RM Farrell,2,0,,,,,,,,,
1118493,2017/18,2017-12-31,Aurora Stadium,1,12.6,Hobart Hurricanes,Sydney Thunder,L Winfield,G Redmayne,RM Farrell,0,0,,,,,,run out,G Redmayne,,
1118493,2017/18,2017-12-31,Aurora Stadium,1,13.1,Hobart Hurricanes,Sydney Thunder,L Winfield,V Pyke,ML Gibson,0,0,,,,,,,,,
1118493,2017/18,2017-12-31,Aurora Stadium,1,13.2,Hobart Hurricanes,Sydney Thunder,L Winfield,V Pyke,ML Gibson,0,1,,,1,,,,,,
1118493,2017/18,2017-12-31,Aurora Stadium,1,13.3,Hobart Hurricanes,Sydney Thunder,V Pyke,L Winfield,ML Gibson,1,0,,,,,,,,,
1118493,2017/18,2017-12-31,Aurora Stadium,1,13.4,Hobart Hurricanes,Sydney Thunder,L Winfield,V Pyke,ML Gibson,0,0,,,,,,,,,
1118493,2017/18,2017-12-31,Aurora Stadium,1,13.5,Hobart Hurricanes,Sydney Thunder,L Winfield,V Pyke,ML Gibson,1,0,,,,,,,,,
1118493,2017/18,2017-12-31,Aurora Stadium,1,13.6,Hobart Hurricanes,Sydney Thunder,V Pyke,L Winfield,ML Gibson,1,0,,,,,,,,,
1118493,2017/18,2017-12-31,Aurora Stadium,1,14.1,Hobart Hurricanes,Sydney Thunder,V Pyke,L Winfield,RM Farrell,1,0,,,,,,,,,
1118493,2017/18,2017-12-31,Aurora Stadium,1,14.2,Hobart Hurricanes,Sydney Thunder,L Winfield,V Pyke,RM Farrell,1,0,,,,,,,,,
1118493,2017/18,2017-12-31,Aurora Stadium,1,14.3,Hobart Hurricanes,Sydney Thunder,V Pyke,L Winfield,RM Farrell,1,0,,,,,,,,,
1118493,2017/18,2017-12-31,Aurora Stadium,1,14.4,Hobart Hurricanes,Sydney Thunder,L Winfield,V Pyke,RM Farrell,1,0,,,,,,,,,
1118493,2017/18,2017-12-31,Aurora Stadium,1,14.5,Hobart Hurricanes,Sydney Thunder,V Pyke,L Winfield,RM Farrell,1,0,,,,,,,,,
1118493,2017/18,2017-12-31,Aurora Stadium,1,14.6,Hobart Hurricanes,Sydney Thunder,L Winfield,V Pyke,RM Farrell,0,0,,,,,,bowled,L Winfield,,
1118493,2017/18,2017-12-31,Aurora Stadium,1,15.1,Hobart Hurricanes,Sydney Thunder,V Pyke,SK Moloney,ML Gibson,4,0,,,,,,,,,
1118493,2017/18,2017-12-31,Aurora Stadium,1,15.2,Hobart Hurricanes,Sydney Thunder,V Pyke,SK Moloney,ML Gibson,1,0,,,,,,,,,
1118493,2017/18,2017-12-31,Aurora Stadium,1,15.3,Hobart Hurricanes,Sydney Thunder,SK Moloney,V Pyke,ML Gibson,1,0,,,,,,,,,
1118493,2017/18,2017-12-31,Aurora Stadium,1,15.4,Hobart Hurricanes,Sydney Thunder,V Pyke,SK Moloney,ML Gibson,2,0,,,,,,,,,
1118493,2017/18,2017-12-31,Aurora Stadium,1,15.5,Hobart Hurricanes,Sydney Thunder,V Pyke,SK Moloney,ML Gibson,1,0,,,,,,,,,
1118493,2017/18,2017-12-31,Aurora Stadium,1,15.6,Hobart Hurricanes,Sydney Thunder,SK Moloney,V Pyke,ML Gibson,1,0,,,,,,,,,
1118493,2017/18,2017-12-31,Aurora Stadium,1,16.1,Hobart Hurricanes,Sydney Thunder,SK Moloney,V Pyke,NJ Carey,0,0,,,,,,,,,
1118493,2017/18,2017-12-31,Aurora Stadium,1,16.2,Hobart Hurricanes,Sydney Thunder,SK Moloney,V Pyke,NJ Carey,1,0,,,,,,,,,
1118493,2017/18,2017-12-31,Aurora Stadium,1,16.3,Hobart Hurricanes,Sydney Thunder,V Pyke,SK Moloney,NJ Carey,0,0,,,,,,,,,
1118493,2017/18,2017-12-31,Aurora Stadium,1,16.4,Hobart Hurricanes,Sydney Thunder,V Pyke,SK Moloney,NJ Carey,1,0,,,,,,,,,
1118493,2017/18,2017-12-31,Aurora Stadium,1,16.5,Hobart Hurricanes,Sydney Thunder,SK Moloney,V Pyke,NJ Carey,2,0,,,,,,,,,
1118493,2017/18,2017-12-31,Aurora Stadium,1,16.6,Hobart Hurricanes,Sydney Thunder,SK Moloney,V Pyke,NJ Carey,0,0,,,,,,run out,SK Moloney,,
1118493,2017/18,2017-12-31,Aurora Stadium,1,17.1,Hobart Hurricanes,Sydney Thunder,NM Hancock,V Pyke,SL Bates,0,0,,,,,,,,,
1118493,2017/18,2017-12-31,Aurora Stadium,1,17.2,Hobart Hurricanes,Sydney Thunder,NM Hancock,V Pyke,SL Bates,0,0,,,,,,bowled,NM Hancock,,
1118493,2017/18,2017-12-31,Aurora Stadium,1,17.3,Hobart Hurricanes,Sydney Thunder,M Phillips,V Pyke,SL Bates,0,0,,,,,,lbw,M Phillips,,
1118493,2017/18,2017-12-31,Aurora Stadium,1,17.4,Hobart Hurricanes,Sydney Thunder,B Hepburn,V Pyke,SL Bates,0,0,,,,,,,,,
1118493,2017/18,2017-12-31,Aurora Stadium,1,17.5,Hobart Hurricanes,Sydney Thunder,B Hepburn,V Pyke,SL Bates,0,1,1,,,,,,,,
1118493,2017/18,2017-12-31,Aurora Stadium,1,17.6,Hobart Hurricanes,Sydney Thunder,B Hepburn,V Pyke,SL Bates,0,0,,,,,,,,,
1118493,2017/18,2017-12-31,Aurora Stadium,1,17.7,Hobart Hurricanes,Sydney Thunder,B Hepburn,V Pyke,SL Bates,0,0,,,,,,,,,
1118493,2017/18,2017-12-31,Aurora Stadium,1,18.1,Hobart Hurricanes,Sydney Thunder,V Pyke,B Hepburn,NJ Carey,0,0,,,,,,,,,
1118493,2017/18,2017-12-31,Aurora Stadium,1,18.2,Hobart Hurricanes,Sydney Thunder,V Pyke,B Hepburn,NJ Carey,1,0,,,,,,,,,
1118493,2017/18,2017-12-31,Aurora Stadium,1,18.3,Hobart Hurricanes,Sydney Thunder,B Hepburn,V Pyke,NJ Carey,0,0,,,,,,,,,
1118493,2017/18,2017-12-31,Aurora Stadium,1,18.4,Hobart Hurricanes,Sydney Thunder,B Hepburn,V Pyke,NJ Carey,1,0,,,,,,,,,
1118493,2017/18,2017-12-31,Aurora Stadium,1,18.5,Hobart Hurricanes,Sydney Thunder,V Pyke,B Hepburn,NJ Carey,1,0,,,,,,,,,
1118493,2017/18,2017-12-31,Aurora Stadium,1,18.6,Hobart Hurricanes,Sydney Thunder,B Hepburn,V Pyke,NJ Carey,1,0,,,,,,,,,
1118493,2017/18,2017-12-31,Aurora Stadium,1,19.1,Hobart Hurricanes,Sydney Thunder,B Hepburn,V Pyke,SR Taylor,2,0,,,,,,,,,
1118493,2017/18,2017-12-31,Aurora Stadium,1,19.2,Hobart Hurricanes,Sydney Thunder,B Hepburn,V Pyke,SR Taylor,2,0,,,,,,,,,
1118493,2017/18,2017-12-31,Aurora Stadium,1,19.3,Hobart Hurricanes,Sydney Thunder,B Hepburn,V Pyke,SR Taylor,1,0,,,,,,run out,B Hepburn,,
1118493,2017/18,2017-12-31,Aurora Stadium,1,19.4,Hobart Hurricanes,Sydney Thunder,C Raack,V Pyke,SR Taylor,0,0,,,,,,stumped,C Raack,,
1118493,2017/18,2017-12-31,Aurora Stadium,2,0.1,Sydney Thunder,Hobart Hurricanes,RL Haynes,SR Taylor,V Pyke,0,0,,,,,,,,,
1118493,2017/18,2017-12-31,Aurora Stadium,2,0.2,Sydney Thunder,Hobart Hurricanes,RL Haynes,SR Taylor,V Pyke,4,0,,,,,,,,,
1118493,2017/18,2017-12-31,Aurora Stadium,2,0.3,Sydney Thunder,Hobart Hurricanes,RL Haynes,SR Taylor,V Pyke,0,0,,,,,,,,,
1118493,2017/18,2017-12-31,Aurora Stadium,2,0.4,Sydney Thunder,Hobart Hurricanes,RL Haynes,SR Taylor,V Pyke,3,0,,,,,,,,,
1118493,2017/18,2017-12-31,Aurora Stadium,2,0.5,Sydney Thunder,Hobart Hurricanes,SR Taylor,RL Haynes,V Pyke,1,0,,,,,,,,,
1118493,2017/18,2017-12-31,Aurora Stadium,2,0.6,Sydney Thunder,Hobart Hurricanes,RL Haynes,SR Taylor,V Pyke,0,0,,,,,,,,,
1118493,2017/18,2017-12-31,Aurora Stadium,2,1.1,Sydney Thunder,Hobart Hurricanes,SR Taylor,RL Haynes,NM Hancock,0,0,,,,,,,,,
1118493,2017/18,2017-12-31,Aurora Stadium,2,1.2,Sydney Thunder,Hobart Hurricanes,SR Taylor,RL Haynes,NM Hancock,0,0,,,,,,,,,
1118493,2017/18,2017-12-31,Aurora Stadium,2,1.3,Sydney Thunder,Hobart Hurricanes,SR Taylor,RL Haynes,NM Hancock,0,0,,,,,,,,,
1118493,2017/18,2017-12-31,Aurora Stadium,2,1.4,Sydney Thunder,Hobart Hurricanes,SR Taylor,RL Haynes,NM Hancock,4,0,,,,,,,,,
1118493,2017/18,2017-12-31,Aurora Stadium,2,1.5,Sydney Thunder,Hobart Hurricanes,SR Taylor,RL Haynes,NM Hancock,0,0,,,,,,,,,
1118493,2017/18,2017-12-31,Aurora Stadium,2,1.6,Sydney Thunder,Hobart Hurricanes,SR Taylor,RL Haynes,NM Hancock,0,0,,,,,,,,,
1118493,2017/18,2017-12-31,Aurora Stadium,2,2.1,Sydney Thunder,Hobart Hurricanes,RL Haynes,SR Taylor,HK Matthews,1,0,,,,,,,,,
1118493,2017/18,2017-12-31,Aurora Stadium,2,2.2,Sydney Thunder,Hobart Hurricanes,SR Taylor,RL Haynes,HK Matthews,0,0,,,,,,caught,SR Taylor,,
1118493,2017/18,2017-12-31,Aurora Stadium,2,2.3,Sydney Thunder,Hobart Hurricanes,RL Haynes,AJ Blackwell,HK Matthews,1,0,,,,,,,,,
1118493,2017/18,2017-12-31,Aurora Stadium,2,2.4,Sydney Thunder,Hobart Hurricanes,AJ Blackwell,RL Haynes,HK Matthews,0,0,,,,,,,,,
1118493,2017/18,2017-12-31,Aurora Stadium,2,2.5,Sydney Thunder,Hobart Hurricanes,AJ Blackwell,RL Haynes,HK Matthews,0,0,,,,,,,,,
1118493,2017/18,2017-12-31,Aurora Stadium,2,2.6,Sydney Thunder,Hobart Hurricanes,AJ Blackwell,RL Haynes,HK Matthews,1,0,,,,,,,,,
1118493,2017/18,2017-12-31,Aurora Stadium,2,3.1,Sydney Thunder,Hobart Hurricanes,AJ Blackwell,RL Haynes,NM Hancock,0,0,,,,,,,,,
1118493,2017/18,2017-12-31,Aurora Stadium,2,3.2,Sydney Thunder,Hobart Hurricanes,AJ Blackwell,RL Haynes,NM Hancock,1,0,,,,,,,,,
1118493,2017/18,2017-12-31,Aurora Stadium,2,3.3,Sydney Thunder,Hobart Hurricanes,RL Haynes,AJ Blackwell,NM Hancock,4,0,,,,,,,,,
1118493,2017/18,2017-12-31,Aurora Stadium,2,3.4,Sydney Thunder,Hobart Hurricanes,RL Haynes,AJ Blackwell,NM Hancock,0,1,1,,,,,,,,
1118493,2017/18,2017-12-31,Aurora Stadium,2,3.5,Sydney Thunder,Hobart Hurricanes,RL Haynes,AJ Blackwell,NM Hancock,0,0,,,,,,,,,
1118493,2017/18,2017-12-31,Aurora Stadium,2,3.6,Sydney Thunder,Hobart Hurricanes,RL Haynes,AJ Blackwell,NM Hancock,0,1,1,,,,,,,,
1118493,2017/18,2017-12-31,Aurora Stadium,2,3.7,Sydney Thunder,Hobart Hurricanes,RL Haynes,AJ Blackwell,NM Hancock,0,0,,,,,,,,,
1118493,2017/18,2017-12-31,Aurora Stadium,2,3.8,Sydney Thunder,Hobart Hurricanes,RL Haynes,AJ Blackwell,NM Hancock,1,0,,,,,,,,,
1118493,2017/18,2017-12-31,Aurora Stadium,2,4.1,Sydney Thunder,Hobart Hurricanes,RL Haynes,AJ Blackwell,HK Matthews,2,0,,,,,,,,,
1118493,2017/18,2017-12-31,Aurora Stadium,2,4.2,Sydney Thunder,Hobart Hurricanes,RL Haynes,AJ Blackwell,HK Matthews,4,0,,,,,,,,,
1118493,2017/18,2017-12-31,Aurora Stadium,2,4.3,Sydney Thunder,Hobart Hurricanes,RL Haynes,AJ Blackwell,HK Matthews,0,0,,,,,,,,,
1118493,2017/18,2017-12-31,Aurora Stadium,2,4.4,Sydney Thunder,Hobart Hurricanes,RL Haynes,AJ Blackwell,HK Matthews,0,0,,,,,,,,,
1118493,2017/18,2017-12-31,Aurora Stadium,2,4.5,Sydney Thunder,Hobart Hurricanes,RL Haynes,AJ Blackwell,HK Matthews,0,0,,,,,,,,,
1118493,2017/18,2017-12-31,Aurora Stadium,2,4.6,Sydney Thunder,Hobart Hurricanes,RL Haynes,AJ Blackwell,HK Matthews,2,0,,,,,,,,,
1118493,2017/18,2017-12-31,Aurora Stadium,2,5.1,Sydney Thunder,Hobart Hurricanes,AJ Blackwell,RL Haynes,C Raack,2,0,,,,,,,,,
1118493,2017/18,2017-12-31,Aurora Stadium,2,5.2,Sydney Thunder,Hobart Hurricanes,AJ Blackwell,RL Haynes,C Raack,1,0,,,,,,,,,
1118493,2017/18,2017-12-31,Aurora Stadium,2,5.3,Sydney Thunder,Hobart Hurricanes,RL Haynes,AJ Blackwell,C Raack,0,0,,,,,,bowled,RL Haynes,,
1118493,2017/18,2017-12-31,Aurora Stadium,2,5.4,Sydney Thunder,Hobart Hurricanes,H Kaur,AJ Blackwell,C Raack,1,0,,,,,,,,,
1118493,2017/18,2017-12-31,Aurora Stadium,2,5.5,Sydney Thunder,Hobart Hurricanes,AJ Blackwell,H Kaur,C Raack,0,0,,,,,,,,,
1118493,2017/18,2017-12-31,Aurora Stadium,2,5.6,Sydney Thunder,Hobart Hurricanes,AJ Blackwell,H Kaur,C Raack,0,0,,,,,,,,,
1118493,2017/18,2017-12-31,Aurora Stadium,2,6.1,Sydney Thunder,Hobart Hurricanes,H Kaur,AJ Blackwell,V Pyke,0,0,,,,,,,,,
1118493,2017/18,2017-12-31,Aurora Stadium,2,6.2,Sydney Thunder,Hobart Hurricanes,H Kaur,AJ Blackwell,V Pyke,0,0,,,,,,,,,
1118493,2017/18,2017-12-31,Aurora Stadium,2,6.3,Sydney Thunder,Hobart Hurricanes,H Kaur,AJ Blackwell,V Pyke,0,0,,,,,,,,,
1118493,2017/18,2017-12-31,Aurora Stadium,2,6.4,Sydney Thunder,Hobart Hurricanes,H Kaur,AJ Blackwell,V Pyke,4,0,,,,,,,,,
1118493,2017/18,2017-12-31,Aurora Stadium,2,6.5,Sydney Thunder,Hobart Hurricanes,H Kaur,AJ Blackwell,V Pyke,2,0,,,,,,,,,
1118493,2017/18,2017-12-31,Aurora Stadium,2,6.6,Sydney Thunder,Hobart Hurricanes,H Kaur,AJ Blackwell,V Pyke,1,0,,,,,,,,,
1118493,2017/18,2017-12-31,Aurora Stadium,2,7.1,Sydney Thunder,Hobart Hurricanes,H Kaur,AJ Blackwell,C Raack,0,0,,,,,,,,,
1118493,2017/18,2017-12-31,Aurora Stadium,2,7.2,Sydney Thunder,Hobart Hurricanes,H Kaur,AJ Blackwell,C Raack,0,0,,,,,,,,,
1118493,2017/18,2017-12-31,Aurora Stadium,2,7.3,Sydney Thunder,Hobart Hurricanes,H Kaur,AJ Blackwell,C Raack,0,0,,,,,,,,,
1118493,2017/18,2017-12-31,Aurora Stadium,2,7.4,Sydney Thunder,Hobart Hurricanes,H Kaur,AJ Blackwell,C Raack,0,0,,,,,,,,,
1118493,2017/18,2017-12-31,Aurora Stadium,2,7.5,Sydney Thunder,Hobart Hurricanes,H Kaur,AJ Blackwell,C Raack,1,0,,,,,,,,,
1118493,2017/18,2017-12-31,Aurora Stadium,2,7.6,Sydney Thunder,Hobart Hurricanes,AJ Blackwell,H Kaur,C Raack,1,0,,,,,,,,,
1118493,2017/18,2017-12-31,Aurora Stadium,2,8.1,Sydney Thunder,Hobart Hurricanes,AJ Blackwell,H Kaur,B Hepburn,4,1,,1,,,,,,,
1118493,2017/18,2017-12-31,Aurora Stadium,2,8.2,Sydney Thunder,Hobart Hurricanes,AJ Blackwell,H Kaur,B Hepburn,0,0,,,,,,,,,
1118493,2017/18,2017-12-31,Aurora Stadium,2,8.3,Sydney Thunder,Hobart Hurricanes,AJ Blackwell,H Kaur,B Hepburn,0,0,,,,,,,,,
1118493,2017/18,2017-12-31,Aurora Stadium,2,8.4,Sydney Thunder,Hobart Hurricanes,AJ Blackwell,H Kaur,B Hepburn,0,0,,,,,,,,,
1118493,2017/18,2017-12-31,Aurora Stadium,2,8.5,Sydney Thunder,Hobart Hurricanes,AJ Blackwell,H Kaur,B Hepburn,1,0,,,,,,,,,
1118493,2017/18,2017-12-31,Aurora Stadium,2,8.6,Sydney Thunder,Hobart Hurricanes,H Kaur,AJ Blackwell,B Hepburn,0,1,1,,,,,,,,
1118493,2017/18,2017-12-31,Aurora Stadium,2,8.7,Sydney Thunder,Hobart Hurricanes,H Kaur,AJ Blackwell,B Hepburn,0,0,,,,,,,,,
1118493,2017/18,2017-12-31,Aurora Stadium,2,8.8,Sydney Thunder,Hobart Hurricanes,H Kaur,AJ Blackwell,B Hepburn,2,0,,,,,,,,,
1118493,2017/18,2017-12-31,Aurora Stadium,2,9.1,Sydney Thunder,Hobart Hurricanes,AJ Blackwell,H Kaur,C Raack,2,0,,,,,,,,,
1118493,2017/18,2017-12-31,Aurora Stadium,2,9.2,Sydney Thunder,Hobart Hurricanes,AJ Blackwell,H Kaur,C Raack,0,0,,,,,,,,,
1118493,2017/18,2017-12-31,Aurora Stadium,2,9.3,Sydney Thunder,Hobart Hurricanes,AJ Blackwell,H Kaur,C Raack,4,0,,,,,,,,,
1118493,2017/18,2017-12-31,Aurora Stadium,2,9.4,Sydney Thunder,Hobart Hurricanes,AJ Blackwell,H Kaur,C Raack,1,0,,,,,,,,,
1118493,2017/18,2017-12-31,Aurora Stadium,2,9.5,Sydney Thunder,Hobart Hurricanes,H Kaur,AJ Blackwell,C Raack,1,0,,,,,,,,,
1118493,2017/18,2017-12-31,Aurora Stadium,2,9.6,Sydney Thunder,Hobart Hurricanes,AJ Blackwell,H Kaur,C Raack,0,0,,,,,,,,,
1118493,2017/18,2017-12-31,Aurora Stadium,2,10.1,Sydney Thunder,Hobart Hurricanes,H Kaur,AJ Blackwell,M Phillips,4,0,,,,,,,,,
1118493,2017/18,2017-12-31,Aurora Stadium,2,10.2,Sydney Thunder,Hobart Hurricanes,H Kaur,AJ Blackwell,M Phillips,0,0,,,,,,,,,
1118493,2017/18,2017-12-31,Aurora Stadium,2,10.3,Sydney Thunder,Hobart Hurricanes,H Kaur,AJ Blackwell,M Phillips,1,0,,,,,,,,,
1118493,2017/18,2017-12-31,Aurora Stadium,2,10.4,Sydney Thunder,Hobart Hurricanes,AJ Blackwell,H Kaur,M Phillips,0,0,,,,,,,,,
1118493,2017/18,2017-12-31,Aurora Stadium,2,10.5,Sydney Thunder,Hobart Hurricanes,AJ Blackwell,H Kaur,M Phillips,0,0,,,,,,,,,
1118493,2017/18,2017-12-31,Aurora Stadium,2,10.6,Sydney Thunder,Hobart Hurricanes,AJ Blackwell,H Kaur,M Phillips,1,0,,,,,,,,,
1118493,2017/18,2017-12-31,Aurora Stadium,2,11.1,Sydney Thunder,Hobart Hurricanes,AJ Blackwell,H Kaur,HK Matthews,0,1,1,,,,,,,,
1118493,2017/18,2017-12-31,Aurora Stadium,2,11.2,Sydney Thunder,Hobart Hurricanes,AJ Blackwell,H Kaur,HK Matthews,1,0,,,,,,,,,
1118493,2017/18,2017-12-31,Aurora Stadium,2,11.3,Sydney Thunder,Hobart Hurricanes,H Kaur,AJ Blackwell,HK Matthews,1,0,,,,,,,,,
1118493,2017/18,2017-12-31,Aurora Stadium,2,11.4,Sydney Thunder,Hobart Hurricanes,AJ Blackwell,H Kaur,HK Matthews,0,0,,,,,,,,,
1118493,2017/18,2017-12-31,Aurora Stadium,2,11.5,Sydney Thunder,Hobart Hurricanes,AJ Blackwell,H Kaur,HK Matthews,1,0,,,,,,,,,
1118493,2017/18,2017-12-31,Aurora Stadium,2,11.6,Sydney Thunder,Hobart Hurricanes,H Kaur,AJ Blackwell,HK Matthews,0,0,,,,,,,,,
1118493,2017/18,2017-12-31,Aurora Stadium,2,11.7,Sydney Thunder,Hobart Hurricanes,H Kaur,AJ Blackwell,HK Matthews,1,0,,,,,,,,,
1118493,2017/18,2017-12-31,Aurora Stadium,2,12.1,Sydney Thunder,Hobart Hurricanes,H Kaur,AJ Blackwell,V Pyke,0,0,,,,,,,,,
1118493,2017/18,2017-12-31,Aurora Stadium,2,12.2,Sydney Thunder,Hobart Hurricanes,H Kaur,AJ Blackwell,V Pyke,1,0,,,,,,,,,
1118493,2017/18,2017-12-31,Aurora Stadium,2,12.3,Sydney Thunder,Hobart Hurricanes,AJ Blackwell,H Kaur,V Pyke,4,0,,,,,,,,,
1118493,2017/18,2017-12-31,Aurora Stadium,2,12.4,Sydney Thunder,Hobart Hurricanes,AJ Blackwell,H Kaur,V Pyke,0,0,,,,,,,,,
1118493,2017/18,2017-12-31,Aurora Stadium,2,12.5,Sydney Thunder,Hobart Hurricanes,AJ Blackwell,H Kaur,V Pyke,4,0,,,,,,,,,
1118493,2017/18,2017-12-31,Aurora Stadium,2,12.6,Sydney Thunder,Hobart Hurricanes,AJ Blackwell,H Kaur,V Pyke,2,0,,,,,,,,,
1118493,2017/18,2017-12-31,Aurora Stadium,2,13.1,Sydney Thunder,Hobart Hurricanes,H Kaur,AJ Blackwell,NM Hancock,0,0,,,,,,,,,
1118493,2017/18,2017-12-31,Aurora Stadium,2,13.2,Sydney Thunder,Hobart Hurricanes,H Kaur,AJ Blackwell,NM Hancock,1,0,,,,,,,,,
1118493,2017/18,2017-12-31,Aurora Stadium,2,13.3,Sydney Thunder,Hobart Hurricanes,AJ Blackwell,H Kaur,NM Hancock,1,0,,,,,,,,,
1118493,2017/18,2017-12-31,Aurora Stadium,2,13.4,Sydney Thunder,Hobart Hurricanes,H Kaur,AJ Blackwell,NM Hancock,0,0,,,,,,,,,
1118493,2017/18,2017-12-31,Aurora Stadium,2,13.5,Sydney Thunder,Hobart Hurricanes,H Kaur,AJ Blackwell,NM Hancock,0,0,,,,,,,,,
1118493,2017/18,2017-12-31,Aurora Stadium,2,13.6,Sydney Thunder,Hobart Hurricanes,H Kaur,AJ Blackwell,NM Hancock,1,0,,,,,,,,,
1118493,2017/18,2017-12-31,Aurora Stadium,2,14.1,Sydney Thunder,Hobart Hurricanes,H Kaur,AJ Blackwell,M Phillips,1,0,,,,,,,,,
1118493,2017/18,2017-12-31,Aurora Stadium,2,14.2,Sydney Thunder,Hobart Hurricanes,AJ Blackwell,H Kaur,M Phillips,3,0,,,,,,,,,
1118493,2017/18,2017-12-31,Aurora Stadium,2,14.3,Sydney Thunder,Hobart Hurricanes,H Kaur,AJ Blackwell,M Phillips,0,0,,,,,,,,,
1118493,2017/18,2017-12-31,Aurora Stadium,2,14.4,Sydney Thunder,Hobart Hurricanes,H Kaur,AJ Blackwell,M Phillips,1,0,,,,,,,,,
1118493,2017/18,2017-12-31,Aurora Stadium,2,14.5,Sydney Thunder,Hobart Hurricanes,AJ Blackwell,H Kaur,M Phillips,4,0,,,,,,,,,
1118493,2017/18,2017-12-31,Aurora Stadium,2,14.6,Sydney Thunder,Hobart Hurricanes,AJ Blackwell,H Kaur,M Phillips,4,0,,,,,,,,,
