match_id,season,start_date,venue,innings,ball,batting_team,bowling_team,striker,non_striker,bowler,runs_off_bat,extras,wides,noballs,byes,legbyes,penalty,wicket_type,player_dismissed,other_wicket_type,other_player_dismissed
1127775,2018,2018-05-20,"The Cooper Associates County Ground, Taunton",1,0.1,Somerset,Glamorgan,JG Myburgh,SM Davies,LJ Carey,0,0,,,,,,,,,
1127775,2018,2018-05-20,"The Cooper Associates County Ground, Taunton",1,0.2,Somerset,Glamorgan,JG Myburgh,SM Davies,LJ Carey,0,0,,,,,,,,,
1127775,2018,2018-05-20,"The Cooper Associates County Ground, Taunton",1,0.3,Somerset,Glamorgan,JG Myburgh,SM Davies,LJ Carey,0,0,,,,,,,,,
1127775,2018,2018-05-20,"The Cooper Associates County Ground, Taunton",1,0.4,Somerset,Glamorgan,JG Myburgh,SM Davies,LJ Carey,4,0,,,,,,,,,
1127775,2018,2018-05-20,"The Cooper Associates County Ground, Taunton",1,0.5,Somerset,Glamorgan,JG Myburgh,SM Davies,LJ Carey,0,0,,,,,,,,,
1127775,2018,2018-05-20,"The Cooper Associates County Ground, Taunton",1,0.6,Somerset,Glamorgan,JG Myburgh,SM Davies,LJ Carey,0,0,,,,,,,,,
1127775,2018,2018-05-20,"The Cooper Associates County Ground, Taunton",1,1.1,Somerset,Glamorgan,SM Davies,JG Myburgh,M de Lange,0,0,,,,,,,,,
1127775,2018,2018-05-20,"The Cooper Associates County Ground, Taunton",1,1.2,Somerset,Glamorgan,SM Davies,JG Myburgh,M de Lange,0,0,,,,,,,,,
1127775,2018,2018-05-20,"The Cooper Associates County Ground, Taunton",1,1.3,Somerset,Glamorgan,SM Davies,JG Myburgh,M de Lange,3,0,,,,,,,,,
1127775,2018,2018-05-20,"The Cooper Associates County Ground, Taunton",1,1.4,Somerset,Glamorgan,JG Myburgh,SM Davies,M de Lange,0,0,,,,,,,,,
1127775,2018,2018-05-20,"The Cooper Associates County Ground, Taunton",1,1.5,Somerset,Glamorgan,JG Myburgh,SM Davies,M de Lange,0,0,,,,,,,,,
1127775,2018,2018-05-20,"The Cooper Associates County Ground, Taunton",1,1.6,Somerset,Glamorgan,JG Myburgh,SM Davies,M de Lange,0,0,,,,,,,,,
1127775,2018,2018-05-20,"The Cooper Associates County Ground, Taunton",1,2.1,Somerset,Glamorgan,SM Davies,JG Myburgh,LJ Carey,0,0,,,,,,,,,
1127775,2018,2018-05-20,"The Cooper Associates County Ground, Taunton",1,2.2,Somerset,Glamorgan,SM Davies,JG Myburgh,LJ Carey,4,0,,,,,,,,,
1127775,2018,2018-05-20,"The Cooper Associates County Ground, Taunton",1,2.3,Somerset,Glamorgan,SM Davies,JG Myburgh,LJ Carey,1,0,,,,,,,,,
1127775,2018,2018-05-20,"The Cooper Associates County Ground, Taunton",1,2.4,Somerset,Glamorgan,JG Myburgh,SM Davies,LJ Carey,4,0,,,,,,,,,
1127775,2018,2018-05-20,"The Cooper Associates County Ground, Taunton",1,2.5,Somerset,Glamorgan,JG Myburgh,SM Davies,LJ Carey,0,0,,,,,,,,,
1127775,2018,2018-05-20,"The Cooper Associates County Ground, Taunton",1,2.6,Somerset,Glamorgan,JG Myburgh,SM Davies,LJ Carey,0,0,,,,,,,,,
1127775,2018,2018-05-20,"The Cooper Associates County Ground, Taunton",1,3.1,Somerset,Glamorgan,SM Davies,JG Myburgh,M de Lange,0,0,,,,,,,,,
1127775,2018,2018-05-20,"The Cooper Associates County Ground, Taunton",1,3.2,Somerset,Glamorgan,SM Davies,JG Myburgh,M de Lange,6,0,,,,,,,,,
1127775,2018,2018-05-20,"The Cooper Associates County Ground, Taunton",1,3.3,Somerset,Glamorgan,SM Davies,JG Myburgh,M de Lange,4,0,,,,,,,,,
1127775,2018,2018-05-20,"The Cooper Associates County Ground, Taunton",1,3.4,Somerset,Glamorgan,SM Davies,JG Myburgh,M de Lange,4,0,,,,,,,,,
1127775,2018,2018-05-20,"The Cooper Associates County Ground, Taunton",1,3.5,Somerset,Glamorgan,SM Davies,JG Myburgh,M de Lange,0,0,,,,,,,,,
1127775,2018,2018-05-20,"The Cooper Associates County Ground, Taunton",1,3.6,Somerset,Glamorgan,SM Davies,JG Myburgh,M de Lange,0,0,,,,,,,,,
1127775,2018,2018-05-20,"The Cooper Associates County Ground, Taunton",1,4.1,Somerset,Glamorgan,JG Myburgh,SM Davies,LJ Carey,1,0,,,,,,,,,
1127775,2018,2018-05-20,"The Cooper Associates County Ground, Taunton",1,4.2,Somerset,Glamorgan,SM Davies,JG Myburgh,LJ Carey,0,0,,,,,,,,,
1127775,2018,2018-05-20,"The Cooper Associates County Ground, Taunton",1,4.3,Somerset,Glamorgan,SM Davies,JG Myburgh,LJ Carey,2,0,,,,,,,,,
1127775,2018,2018-05-20,"The Cooper Associates County Ground, Taunton",1,4.4,Somerset,Glamorgan,SM Davies,JG Myburgh,LJ Carey,0,0,,,,,,,,,
1127775,2018,2018-05-20,"The Cooper Associates County Ground, Taunton",1,4.5,Somerset,Glamorgan,SM Davies,JG Myburgh,LJ Carey,0,0,,,,,,,,,
1127775,2018,2018-05-20,"The Cooper Associates County Ground, Taunton",1,4.6,Somerset,Glamorgan,SM Davies,JG Myburgh,LJ Carey,0,0,,,,,,,,,
1127775,2018,2018-05-20,"The Cooper Associates County Ground, Taunton",1,5.1,Somerset,Glamorgan,JG Myburgh,SM Davies,M de Lange,4,0,,,,,,,,,
1127775,2018,2018-05-20,"The Cooper Associates County Ground, Taunton",1,5.2,Somerset,Glamorgan,JG Myburgh,SM Davies,M de Lange,0,0,,,,,,,,,
1127775,2018,2018-05-20,"The Cooper Associates County Ground, Taunton",1,5.3,Somerset,Glamorgan,JG Myburgh,SM Davies,M de Lange,4,0,,,,,,,,,
1127775,2018,2018-05-20,"The Cooper Associates County Ground, Taunton",1,5.4,Somerset,Glamorgan,JG Myburgh,SM Davies,M de Lange,0,0,,,,,,,,,
1127775,2018,2018-05-20,"The Cooper Associates County Ground, Taunton",1,5.5,Somerset,Glamorgan,JG Myburgh,SM Davies,M de Lange,1,0,,,,,,,,,
1127775,2018,2018-05-20,"The Cooper Associates County Ground, Taunton",1,5.6,Somerset,Glamorgan,SM Davies,JG Myburgh,M de Lange,4,0,,,,,,,,,
1127775,2018,2018-05-20,"The Cooper Associates County Ground, Taunton",1,6.1,Somerset,Glamorgan,JG Myburgh,SM Davies,LJ Carey,0,0,,,,,,,,,
1127775,2018,2018-05-20,"The Cooper Associates County Ground, Taunton",1,6.2,Somerset,Glamorgan,JG Myburgh,SM Davies,LJ Carey,0,0,,,,,,,,,
1127775,2018,2018-05-20,"The Cooper Associates County Ground, Taunton",1,6.3,Somerset,Glamorgan,JG Myburgh,SM Davies,LJ Carey,0,0,,,,,,,,,
1127775,2018,2018-05-20,"The Cooper Associates County Ground, Taunton",1,6.4,Somerset,Glamorgan,JG Myburgh,SM Davies,LJ Carey,0,0,,,,,,,,,
1127775,2018,2018-05-20,"The Cooper Associates County Ground, Taunton",1,6.5,Somerset,Glamorgan,JG Myburgh,SM Davies,LJ Carey,0,0,,,,,,caught,JG Myburgh,,
1127775,2018,2018-05-20,"The Cooper Associates County Ground, Taunton",1,6.6,Somerset,Glamorgan,PD Trego,SM Davies,LJ Carey,0,0,,,,,,,,,
1127775,2018,2018-05-20,"The Cooper Associates County Ground, Taunton",1,7.1,Somerset,Glamorgan,SM Davies,PD Trego,MG Hogan,1,0,,,,,,,,,
1127775,2018,2018-05-20,"The Cooper Associates County Ground, Taunton",1,7.2,Somerset,Glamorgan,PD Trego,SM Davies,MG Hogan,0,0,,,,,,,,,
1127775,2018,2018-05-20,"The Cooper Associates County Ground, Taunton",1,7.3,Somerset,Glamorgan,PD Trego,SM Davies,MG Hogan,0,0,,,,,,,,,
1127775,2018,2018-05-20,"The Cooper Associates County Ground, Taunton",1,7.4,Somerset,Glamorgan,PD Trego,SM Davies,MG Hogan,1,0,,,,,,,,,
1127775,2018,2018-05-20,"The Cooper Associates County Ground, Taunton",1,7.5,Somerset,Glamorgan,SM Davies,PD Trego,MG Hogan,0,0,,,,,,,,,
1127775,2018,2018-05-20,"The Cooper Associates County Ground, Taunton",1,7.6,Somerset,Glamorgan,SM Davies,PD Trego,MG Hogan,0,0,,,,,,,,,
1127775,2018,2018-05-20,"The Cooper Associates County Ground, Taunton",1,8.1,Somerset,Glamorgan,PD Trego,SM Davies,LJ Carey,0,0,,,,,,,,,
1127775,2018,2018-05-20,"The Cooper Associates County Ground, Taunton",1,8.2,Somerset,Glamorgan,PD Trego,SM Davies,LJ Carey,0,0,,,,,,,,,
1127775,2018,2018-05-20,"The Cooper Associates County Ground, Taunton",1,8.3,Somerset,Glamorgan,PD Trego,SM Davies,LJ Carey,0,0,,,,,,,,,
1127775,2018,2018-05-20,"The Cooper Associates County Ground, Taunton",1,8.4,Somerset,Glamorgan,PD Trego,SM Davies,LJ Carey,0,0,,,,,,,,,
1127775,2018,2018-05-20,"The Cooper Associates County Ground, Taunton",1,8.5,Somerset,Glamorgan,PD Trego,SM Davies,LJ Carey,1,0,,,,,,,,,
1127775,2018,2018-05-20,"The Cooper Associates County Ground, Taunton",1,8.6,Somerset,Glamorgan,SM Davies,PD Trego,LJ Carey,0,0,,,,,,caught,SM Davies,,
1127775,2018,2018-05-20,"The Cooper Associates County Ground, Taunton",1,9.1,Somerset,Glamorgan,PD Trego,JC Hildreth,MG Hogan,0,0,,,,,,,,,
1127775,2018,2018-05-20,"The Cooper Associates County Ground, Taunton",1,9.2,Somerset,Glamorgan,PD Trego,JC Hildreth,MG Hogan,1,0,,,,,,,,,
1127775,2018,2018-05-20,"The Cooper Associates County Ground, Taunton",1,9.3,Somerset,Glamorgan,JC Hildreth,PD Trego,MG Hogan,0,0,,,,,,,,,
1127775,2018,2018-05-20,"The Cooper Associates County Ground, Taunton",1,9.4,Somerset,Glamorgan,JC Hildreth,PD Trego,MG Hogan,0,0,,,,,,,,,
1127775,2018,2018-05-20,"The Cooper Associates County Ground, Taunton",1,9.5,Somerset,Glamorgan,JC Hildreth,PD Trego,MG Hogan,1,0,,,,,,,,,
1127775,2018,2018-05-20,"The Cooper Associates County Ground, Taunton",1,9.6,Somerset,Glamorgan,PD Trego,JC Hildreth,MG Hogan,0,0,,,,,,,,,
1127775,2018,2018-05-20,"The Cooper Associates County Ground, Taunton",1,10.1,Somerset,Glamorgan,JC Hildreth,PD Trego,LJ Carey,0,0,,,,,,,,,
1127775,2018,2018-05-20,"The Cooper Associates County Ground, Taunton",1,10.2,Somerset,Glamorgan,JC Hildreth,PD Trego,LJ Carey,0,0,,,,,,,,,
1127775,2018,2018-05-20,"The Cooper Associates County Ground, Taunton",1,10.3,Somerset,Glamorgan,JC Hildreth,PD Trego,LJ Carey,0,0,,,,,,,,,
1127775,2018,2018-05-20,"The Cooper Associates County Ground, Taunton",1,10.4,Somerset,Glamorgan,JC Hildreth,PD Trego,LJ Carey,0,0,,,,,,,,,
1127775,2018,2018-05-20,"The Cooper Associates County Ground, Taunton",1,10.5,Somerset,Glamorgan,JC Hildreth,PD Trego,LJ Carey,1,0,,,,,,,,,
1127775,2018,2018-05-20,"The Cooper Associates County Ground, Taunton",1,10.6,Somerset,Glamorgan,PD Trego,JC Hildreth,LJ Carey,0,0,,,,,,,,,
1127775,2018,2018-05-20,"The Cooper Associates County Ground, Taunton",1,11.1,Somerset,Glamorgan,JC Hildreth,PD Trego,MG Hogan,4,0,,,,,,,,,
1127775,2018,2018-05-20,"The Cooper Associates County Ground, Taunton",1,11.2,Somerset,Glamorgan,JC Hildreth,PD Trego,MG Hogan,0,0,,,,,,,,,
1127775,2018,2018-05-20,"The Cooper Associates County Ground, Taunton",1,11.3,Somerset,Glamorgan,JC Hildreth,PD Trego,MG Hogan,0,0,,,,,,,,,
1127775,2018,2018-05-20,"The Cooper Associates County Ground, Taunton",1,11.4,Somerset,Glamorgan,JC Hildreth,PD Trego,MG Hogan,0,0,,,,,,,,,
1127775,2018,2018-05-20,"The Cooper Associates County Ground, Taunton",1,11.5,Somerset,Glamorgan,JC Hildreth,PD Trego,MG Hogan,1,0,,,,,,,,,
1127775,2018,2018-05-20,"The Cooper Associates County Ground, Taunton",1,11.6,Somerset,Glamorgan,PD Trego,JC Hildreth,MG Hogan,1,0,,,,,,,,,
1127775,2018,2018-05-20,"The Cooper Associates County Ground, Taunton",1,12.1,Somerset,Glamorgan,PD Trego,JC Hildreth,LJ Carey,2,0,,,,,,,,,
1127775,2018,2018-05-20,"The Cooper Associates County Ground, Taunton",1,12.2,Somerset,Glamorgan,PD Trego,JC Hildreth,LJ Carey,1,0,,,,,,,,,
1127775,2018,2018-05-20,"The Cooper Associates County Ground, Taunton",1,12.3,Somerset,Glamorgan,JC Hildreth,PD Trego,LJ Carey,1,0,,,,,,,,,
1127775,2018,2018-05-20,"The Cooper Associates County Ground, Taunton",1,12.4,Somerset,Glamorgan,PD Trego,JC Hildreth,LJ Carey,1,0,,,,,,,,,
1127775,2018,2018-05-20,"The Cooper Associates County Ground, Taunton",1,12.5,Somerset,Glamorgan,JC Hildreth,PD Trego,LJ Carey,0,0,,,,,,,,,
1127775,2018,2018-05-20,"The Cooper Associates County Ground, Taunton",1,12.6,Somerset,Glamorgan,JC Hildreth,PD Trego,LJ Carey,1,0,,,,,,,,,
1127775,2018,2018-05-20,"The Cooper Associates County Ground, Taunton",1,13.1,Somerset,Glamorgan,JC Hildreth,PD Trego,MG Hogan,0,0,,,,,,,,,
1127775,2018,2018-05-20,"The Cooper Associates County Ground, Taunton",1,13.2,Somerset,Glamorgan,JC Hildreth,PD Trego,MG Hogan,1,0,,,,,,,,,
1127775,2018,2018-05-20,"The Cooper Associates County Ground, Taunton",1,13.3,Somerset,Glamorgan,PD Trego,JC Hildreth,MG Hogan,1,0,,,,,,,,,
1127775,2018,2018-05-20,"The Cooper Associates County Ground, Taunton",1,13.4,Somerset,Glamorgan,JC Hildreth,PD Trego,MG Hogan,4,0,,,,,,,,,
1127775,2018,2018-05-20,"The Cooper Associates County Ground, Taunton",1,13.5,Somerset,Glamorgan,JC Hildreth,PD Trego,MG Hogan,0,0,,,,,,,,,
1127775,2018,2018-05-20,"The Cooper Associates County Ground, Taunton",1,13.6,Somerset,Glamorgan,JC Hildreth,PD Trego,MG Hogan,2,0,,,,,,,,,
1127775,2018,2018-05-20,"The Cooper Associates County Ground, Taunton",1,14.1,Somerset,Glamorgan,PD Trego,JC Hildreth,M de Lange,0,0,,,,,,,,,
1127775,2018,2018-05-20,"The Cooper Associates County Ground, Taunton",1,14.2,Somerset,Glamorgan,PD Trego,JC Hildreth,M de Lange,0,0,,,,,,,,,
1127775,2018,2018-05-20,"The Cooper Associates County Ground, Taunton",1,14.3,Somerset,Glamorgan,PD Trego,JC Hildreth,M de Lange,4,0,,,,,,,,,
1127775,2018,2018-05-20,"The Cooper Associates County Ground, Taunton",1,14.4,Somerset,Glamorgan,PD Trego,JC Hildreth,M de Lange,1,0,,,,,,,,,
1127775,2018,2018-05-20,"The Cooper Associates County Ground, Taunton",1,14.5,Somerset,Glamorgan,JC Hildreth,PD Trego,M de Lange,0,0,,,,,,,,,
1127775,2018,2018-05-20,"The Cooper Associates County Ground, Taunton",1,14.6,Somerset,Glamorgan,JC Hildreth,PD Trego,M de Lange,0,0,,,,,,,,,
1127775,2018,2018-05-20,"The Cooper Associates County Ground, Taunton",1,15.1,Somerset,Glamorgan,PD Trego,JC Hildreth,MG Hogan,0,0,,,,,,,,,
1127775,2018,2018-05-20,"The Cooper Associates County Ground, Taunton",1,15.2,Somerset,Glamorgan,PD Trego,JC Hildreth,MG Hogan,1,0,,,,,,,,,
1127775,2018,2018-05-20,"The Cooper Associates County Ground, Taunton",1,15.3,Somerset,Glamorgan,JC Hildreth,PD Trego,MG Hogan,0,0,,,,,,,,,
1127775,2018,2018-05-20,"The Cooper Associates County Ground, Taunton",1,15.4,Somerset,Glamorgan,JC Hildreth,PD Trego,MG Hogan,1,0,,,,,,,,,
1127775,2018,2018-05-20,"The Cooper Associates County Ground, Taunton",1,15.5,Somerset,Glamorgan,PD Trego,JC Hildreth,MG Hogan,1,0,,,,,,,,,
1127775,2018,2018-05-20,"The Cooper Associates County Ground, Taunton",1,15.6,Somerset,Glamorgan,JC Hildreth,PD Trego,MG Hogan,0,0,,,,,,,,,
1127775,2018,2018-05-20,"The Cooper Associates County Ground, Taunton",1,16.1,Somerset,Glamorgan,PD Trego,JC Hildreth,M de Lange,4,0,,,,,,,,,
1127775,2018,2018-05-20,"The Cooper Associates County Ground, Taunton",1,16.2,Somerset,Glamorgan,PD Trego,JC Hildreth,M de Lange,0,1,,,,1,,,,,
1127775,2018,2018-05-20,"The Cooper Associates County Ground, Taunton",1,16.3,Somerset,Glamorgan,JC Hildreth,PD Trego,M de Lange,1,0,,,,,,,,,
1127775,2018,2018-05-20,"The Cooper Associates County Ground, Taunton",1,16.4,Somerset,Glamorgan,PD Trego,JC Hildreth,M de Lange,4,0,,,,,,,,,
1127775,2018,2018-05-20,"The Cooper Associates County Ground, Taunton",1,16.5,Somerset,Glamorgan,PD Trego,JC Hildreth,M de Lange,2,0,,,,,,,,,
1127775,2018,2018-05-20,"The Cooper Associates County Ground, Taunton",1,16.6,Somerset,Glamorgan,PD Trego,JC Hildreth,M de Lange,2,0,,,,,,,,,
1127775,2018,2018-05-20,"The Cooper Associates County Ground, Taunton",1,17.1,Somerset,Glamorgan,JC Hildreth,PD Trego,DL Lloyd,4,0,,,,,,,,,
1127775,2018,2018-05-20,"The Cooper Associates County Ground, Taunton",1,17.2,Somerset,Glamorgan,JC Hildreth,PD Trego,DL Lloyd,0,0,,,,,,,,,
1127775,2018,2018-05-20,"The Cooper Associates County Ground, Taunton",1,17.3,Somerset,Glamorgan,JC Hildreth,PD Trego,DL Lloyd,1,0,,,,,,,,,
1127775,2018,2018-05-20,"The Cooper Associates County Ground, Taunton",1,17.4,Somerset,Glamorgan,PD Trego,JC Hildreth,DL Lloyd,4,0,,,,,,,,,
1127775,2018,2018-05-20,"The Cooper Associates County Ground, Taunton",1,17.5,Somerset,Glamorgan,PD Trego,JC Hildreth,DL Lloyd,0,0,,,,,,,,,
1127775,2018,2018-05-20,"The Cooper Associates County Ground, Taunton",1,17.6,Somerset,Glamorgan,PD Trego,JC Hildreth,DL Lloyd,0,0,,,,,,,,,
1127775,2018,2018-05-20,"The Cooper Associates County Ground, Taunton",1,18.1,Somerset,Glamorgan,JC Hildreth,PD Trego,GG Wagg,0,0,,,,,,,,,
1127775,2018,2018-05-20,"The Cooper Associates County Ground, Taunton",1,18.2,Somerset,Glamorgan,JC Hildreth,PD Trego,GG Wagg,1,0,,,,,,,,,
1127775,2018,2018-05-20,"The Cooper Associates County Ground, Taunton",1,18.3,Somerset,Glamorgan,PD Trego,JC Hildreth,GG Wagg,0,0,,,,,,,,,
1127775,2018,2018-05-20,"The Cooper Associates County Ground, Taunton",1,18.4,Somerset,Glamorgan,PD Trego,JC Hildreth,GG Wagg,0,0,,,,,,,,,
1127775,2018,2018-05-20,"The Cooper Associates County Ground, Taunton",1,18.5,Somerset,Glamorgan,PD Trego,JC Hildreth,GG Wagg,0,0,,,,,,,,,
1127775,2018,2018-05-20,"The Cooper Associates County Ground, Taunton",1,18.6,Somerset,Glamorgan,PD Trego,JC Hildreth,GG Wagg,0,0,,,,,,,,,
1127775,2018,2018-05-20,"The Cooper Associates County Ground, Taunton",1,19.1,Somerset,Glamorgan,JC Hildreth,PD Trego,DL Lloyd,0,0,,,,,,,,,
1127775,2018,2018-05-20,"The Cooper Associates County Ground, Taunton",1,19.2,Somerset,Glamorgan,JC Hildreth,PD Trego,DL Lloyd,2,0,,,,,,,,,
1127775,2018,2018-05-20,"The Cooper Associates County Ground, Taunton",1,19.3,Somerset,Glamorgan,JC Hildreth,PD Trego,DL Lloyd,0,0,,,,,,,,,
1127775,2018,2018-05-20,"The Cooper Associates County Ground, Taunton",1,19.4,Somerset,Glamorgan,JC Hildreth,PD Trego,DL Lloyd,0,0,,,,,,,,,
1127775,2018,2018-05-20,"The Cooper Associates County Ground, Taunton",1,19.5,Somerset,Glamorgan,JC Hildreth,PD Trego,DL Lloyd,1,0,,,,,,,,,
1127775,2018,2018-05-20,"The Cooper Associates County Ground, Taunton",1,19.6,Somerset,Glamorgan,PD Trego,JC Hildreth,DL Lloyd,0,1,1,,,,,,,,
1127775,2018,2018-05-20,"The Cooper Associates County Ground, Taunton",1,19.7,Somerset,Glamorgan,PD Trego,JC Hildreth,DL Lloyd,1,0,,,,,,,,,
1127775,2018,2018-05-20,"The Cooper Associates County Ground, Taunton",1,20.1,Somerset,Glamorgan,PD Trego,JC Hildreth,GG Wagg,0,0,,,,,,,,,
1127775,2018,2018-05-20,"The Cooper Associates County Ground, Taunton",1,20.2,Somerset,Glamorgan,PD Trego,JC Hildreth,GG Wagg,1,0,,,,,,,,,
1127775,2018,2018-05-20,"The Cooper Associates County Ground, Taunton",1,20.3,Somerset,Glamorgan,JC Hildreth,PD Trego,GG Wagg,0,0,,,,,,,,,
1127775,2018,2018-05-20,"The Cooper Associates County Ground, Taunton",1,20.4,Somerset,Glamorgan,JC Hildreth,PD Trego,GG Wagg,1,0,,,,,,,,,
1127775,2018,2018-05-20,"The Cooper Associates County Ground, Taunton",1,20.5,Somerset,Glamorgan,PD Trego,JC Hildreth,GG Wagg,1,0,,,,,,,,,
1127775,2018,2018-05-20,"The Cooper Associates County Ground, Taunton",1,20.6,Somerset,Glamorgan,JC Hildreth,PD Trego,GG Wagg,1,0,,,,,,,,,
1127775,2018,2018-05-20,"The Cooper Associates County Ground, Taunton",1,21.1,Somerset,Glamorgan,JC Hildreth,PD Trego,DL Lloyd,1,0,,,,,,,,,
1127775,2018,2018-05-20,"The Cooper Associates County Ground, Taunton",1,21.2,Somerset,Glamorgan,PD Trego,JC Hildreth,DL Lloyd,4,0,,,,,,,,,
1127775,2018,2018-05-20,"The Cooper Associates County Ground, Taunton",1,21.3,Somerset,Glamorgan,PD Trego,JC Hildreth,DL Lloyd,1,0,,,,,,,,,
1127775,2018,2018-05-20,"The Cooper Associates County Ground, Taunton",1,21.4,Somerset,Glamorgan,JC Hildreth,PD Trego,DL Lloyd,1,0,,,,,,,,,
1127775,2018,2018-05-20,"The Cooper Associates County Ground, Taunton",1,21.5,Somerset,Glamorgan,PD Trego,JC Hildreth,DL Lloyd,4,0,,,,,,,,,
1127775,2018,2018-05-20,"The Cooper Associates County Ground, Taunton",1,21.6,Somerset,Glamorgan,PD Trego,JC Hildreth,DL Lloyd,0,0,,,,,,,,,
1127775,2018,2018-05-20,"The Cooper Associates County Ground, Taunton",1,22.1,Somerset,Glamorgan,JC Hildreth,PD Trego,GG Wagg,1,0,,,,,,,,,
1127775,2018,2018-05-20,"The Cooper Associates County Ground, Taunton",1,22.2,Somerset,Glamorgan,PD Trego,JC Hildreth,GG Wagg,4,0,,,,,,,,,
1127775,2018,2018-05-20,"The Cooper Associates County Ground, Taunton",1,22.3,Somerset,Glamorgan,PD Trego,JC Hildreth,GG Wagg,0,0,,,,,,,,,
1127775,2018,2018-05-20,"The Cooper Associates County Ground, Taunton",1,22.4,Somerset,Glamorgan,PD Trego,JC Hildreth,GG Wagg,0,0,,,,,,,,,
1127775,2018,2018-05-20,"The Cooper Associates County Ground, Taunton",1,22.5,Somerset,Glamorgan,PD Trego,JC Hildreth,GG Wagg,0,0,,,,,,,,,
1127775,2018,2018-05-20,"The Cooper Associates County Ground, Taunton",1,22.6,Somerset,Glamorgan,PD Trego,JC Hildreth,GG Wagg,1,0,,,,,,,,,
1127775,2018,2018-05-20,"The Cooper Associates County Ground, Taunton",1,23.1,Somerset,Glamorgan,PD Trego,JC Hildreth,AG Salter,0,0,,,,,,,,,
1127775,2018,2018-05-20,"The Cooper Associates County Ground, Taunton",1,23.2,Somerset,Glamorgan,PD Trego,JC Hildreth,AG Salter,0,0,,,,,,,,,
1127775,2018,2018-05-20,"The Cooper Associates County Ground, Taunton",1,23.3,Somerset,Glamorgan,PD Trego,JC Hildreth,AG Salter,0,0,,,,,,,,,
1127775,2018,2018-05-20,"The Cooper Associates County Ground, Taunton",1,23.4,Somerset,Glamorgan,PD Trego,JC Hildreth,AG Salter,1,0,,,,,,,,,
1127775,2018,2018-05-20,"The Cooper Associates County Ground, Taunton",1,23.5,Somerset,Glamorgan,JC Hildreth,PD Trego,AG Salter,1,0,,,,,,,,,
1127775,2018,2018-05-20,"The Cooper Associates County Ground, Taunton",1,23.6,Somerset,Glamorgan,PD Trego,JC Hildreth,AG Salter,0,0,,,,,,,,,
1127775,2018,2018-05-20,"The Cooper Associates County Ground, Taunton",1,24.1,Somerset,Glamorgan,JC Hildreth,PD Trego,GG Wagg,0,0,,,,,,,,,
1127775,2018,2018-05-20,"The Cooper Associates County Ground, Taunton",1,24.2,Somerset,Glamorgan,JC Hildreth,PD Trego,GG Wagg,0,0,,,,,,,,,
1127775,2018,2018-05-20,"The Cooper Associates County Ground, Taunton",1,24.3,Somerset,Glamorgan,JC Hildreth,PD Trego,GG Wagg,6,0,,,,,,,,,
1127775,2018,2018-05-20,"The Cooper Associates County Ground, Taunton",1,24.4,Somerset,Glamorgan,JC Hildreth,PD Trego,GG Wagg,0,0,,,,,,,,,
1127775,2018,2018-05-20,"The Cooper Associates County Ground, Taunton",1,24.5,Somerset,Glamorgan,JC Hildreth,PD Trego,GG Wagg,0,0,,,,,,,,,
1127775,2018,2018-05-20,"The Cooper Associates County Ground, Taunton",1,24.6,Somerset,Glamorgan,JC Hildreth,PD Trego,GG Wagg,1,0,,,,,,,,,
1127775,2018,2018-05-20,"The Cooper Associates County Ground, Taunton",1,25.1,Somerset,Glamorgan,JC Hildreth,PD Trego,AG Salter,0,0,,,,,,,,,
1127775,2018,2018-05-20,"The Cooper Associates County Ground, Taunton",1,25.2,Somerset,Glamorgan,JC Hildreth,PD Trego,AG Salter,1,0,,,,,,,,,
1127775,2018,2018-05-20,"The Cooper Associates County Ground, Taunton",1,25.3,Somerset,Glamorgan,PD Trego,JC Hildreth,AG Salter,4,0,,,,,,,,,
1127775,2018,2018-05-20,"The Cooper Associates County Ground, Taunton",1,25.4,Somerset,Glamorgan,PD Trego,JC Hildreth,AG Salter,1,0,,,,,,,,,
1127775,2018,2018-05-20,"The Cooper Associates County Ground, Taunton",1,25.5,Somerset,Glamorgan,JC Hildreth,PD Trego,AG Salter,1,0,,,,,,,,,
1127775,2018,2018-05-20,"The Cooper Associates County Ground, Taunton",1,25.6,Somerset,Glamorgan,PD Trego,JC Hildreth,AG Salter,1,0,,,,,,,,,
1127775,2018,2018-05-20,"The Cooper Associates County Ground, Taunton",1,26.1,Somerset,Glamorgan,PD Trego,JC Hildreth,GG Wagg,0,0,,,,,,caught,PD Trego,,
1127775,2018,2018-05-20,"The Cooper Associates County Ground, Taunton",1,26.2,Somerset,Glamorgan,T Banton,JC Hildreth,GG Wagg,0,1,1,,,,,,,,
1127775,2018,2018-05-20,"The Cooper Associates County Ground, Taunton",1,26.3,Somerset,Glamorgan,T Banton,JC Hildreth,GG Wagg,0,0,,,,,,,,,
1127775,2018,2018-05-20,"The Cooper Associates County Ground, Taunton",1,26.4,Somerset,Glamorgan,T Banton,JC Hildreth,GG Wagg,0,0,,,,,,,,,
1127775,2018,2018-05-20,"The Cooper Associates County Ground, Taunton",1,26.5,Somerset,Glamorgan,T Banton,JC Hildreth,GG Wagg,0,1,1,,,,,,,,
1127775,2018,2018-05-20,"The Cooper Associates County Ground, Taunton",1,26.6,Somerset,Glamorgan,T Banton,JC Hildreth,GG Wagg,0,0,,,,,,,,,
1127775,2018,2018-05-20,"The Cooper Associates County Ground, Taunton",1,26.7,Somerset,Glamorgan,T Banton,JC Hildreth,GG Wagg,0,0,,,,,,,,,
1127775,2018,2018-05-20,"The Cooper Associates County Ground, Taunton",1,26.8,Somerset,Glamorgan,T Banton,JC Hildreth,GG Wagg,0,0,,,,,,,,,
1127775,2018,2018-05-20,"The Cooper Associates County Ground, Taunton",1,27.1,Somerset,Glamorgan,JC Hildreth,T Banton,AG Salter,1,0,,,,,,,,,
1127775,2018,2018-05-20,"The Cooper Associates County Ground, Taunton",1,27.2,Somerset,Glamorgan,T Banton,JC Hildreth,AG Salter,1,0,,,,,,,,,
1127775,2018,2018-05-20,"The Cooper Associates County Ground, Taunton",1,27.3,Somerset,Glamorgan,JC Hildreth,T Banton,AG Salter,1,0,,,,,,,,,
1127775,2018,2018-05-20,"The Cooper Associates County Ground, Taunton",1,27.4,Somerset,Glamorgan,T Banton,JC Hildreth,AG Salter,4,0,,,,,,,,,
1127775,2018,2018-05-20,"The Cooper Associates County Ground, Taunton",1,27.5,Somerset,Glamorgan,T Banton,JC Hildreth,AG Salter,1,0,,,,,,,,,
1127775,2018,2018-05-20,"The Cooper Associates County Ground, Taunton",1,27.6,Somerset,Glamorgan,JC Hildreth,T Banton,AG Salter,0,0,,,,,,,,,
1127775,2018,2018-05-20,"The Cooper Associates County Ground, Taunton",1,28.1,Somerset,Glamorgan,T Banton,JC Hildreth,GG Wagg,0,1,1,,,,,,,,
1127775,2018,2018-05-20,"The Cooper Associates County Ground, Taunton",1,28.2,Somerset,Glamorgan,T Banton,JC Hildreth,GG Wagg,0,0,,,,,,,,,
1127775,2018,2018-05-20,"The Cooper Associates County Ground, Taunton",1,28.3,Somerset,Glamorgan,T Banton,JC Hildreth,GG Wagg,1,0,,,,,,,,,
1127775,2018,2018-05-20,"The Cooper Associates County Ground, Taunton",1,28.4,Somerset,Glamorgan,JC Hildreth,T Banton,GG Wagg,0,0,,,,,,,,,
1127775,2018,2018-05-20,"The Cooper Associates County Ground, Taunton",1,28.5,Somerset,Glamorgan,JC Hildreth,T Banton,GG Wagg,1,0,,,,,,,,,
1127775,2018,2018-05-20,"The Cooper Associates County Ground, Taunton",1,28.6,Somerset,Glamorgan,T Banton,JC Hildreth,GG Wagg,1,0,,,,,,,,,
1127775,2018,2018-05-20,"The Cooper Associates County Ground, Taunton",1,28.7,Somerset,Glamorgan,JC Hildreth,T Banton,GG Wagg,4,0,,,,,,,,,
1127775,2018,2018-05-20,"The Cooper Associates County Ground, Taunton",1,29.1,Somerset,Glamorgan,T Banton,JC Hildreth,AG Salter,0,0,,,,,,,,,
1127775,2018,2018-05-20,"The Cooper Associates County Ground, Taunton",1,29.2,Somerset,Glamorgan,T Banton,JC Hildreth,AG Salter,0,0,,,,,,,,,
1127775,2018,2018-05-20,"The Cooper Associates County Ground, Taunton",1,29.3,Somerset,Glamorgan,T Banton,JC Hildreth,AG Salter,1,0,,,,,,,,,
1127775,2018,2018-05-20,"The Cooper Associates County Ground, Taunton",1,29.4,Somerset,Glamorgan,JC Hildreth,T Banton,AG Salter,1,0,,,,,,,,,
1127775,2018,2018-05-20,"The Cooper Associates County Ground, Taunton",1,29.5,Somerset,Glamorgan,T Banton,JC Hildreth,AG Salter,1,0,,,,,,,,,
1127775,2018,2018-05-20,"The Cooper Associates County Ground, Taunton",1,29.6,Somerset,Glamorgan,JC Hildreth,T Banton,AG Salter,0,0,,,,,,,,,
1127775,2018,2018-05-20,"The Cooper Associates County Ground, Taunton",1,30.1,Somerset,Glamorgan,T Banton,JC Hildreth,CA Ingram,1,0,,,,,,,,,
1127775,2018,2018-05-20,"The Cooper Associates County Ground, Taunton",1,30.2,Somerset,Glamorgan,JC Hildreth,T Banton,CA Ingram,0,0,,,,,,,,,
1127775,2018,2018-05-20,"The Cooper Associates County Ground, Taunton",1,30.3,Somerset,Glamorgan,JC Hildreth,T Banton,CA Ingram,4,0,,,,,,,,,
1127775,2018,2018-05-20,"The Cooper Associates County Ground, Taunton",1,30.4,Somerset,Glamorgan,JC Hildreth,T Banton,CA Ingram,0,0,,,,,,,,,
1127775,2018,2018-05-20,"The Cooper Associates County Ground, Taunton",1,30.5,Somerset,Glamorgan,JC Hildreth,T Banton,CA Ingram,1,0,,,,,,,,,
1127775,2018,2018-05-20,"The Cooper Associates County Ground, Taunton",1,30.6,Somerset,Glamorgan,T Banton,JC Hildreth,CA Ingram,0,0,,,,,,caught,T Banton,,
1127775,2018,2018-05-20,"The Cooper Associates County Ground, Taunton",1,31.1,Somerset,Glamorgan,JC Hildreth,TB Abell,AG Salter,1,0,,,,,,,,,
1127775,2018,2018-05-20,"The Cooper Associates County Ground, Taunton",1,31.2,Somerset,Glamorgan,TB Abell,JC Hildreth,AG Salter,1,0,,,,,,,,,
1127775,2018,2018-05-20,"The Cooper Associates County Ground, Taunton",1,31.3,Somerset,Glamorgan,JC Hildreth,TB Abell,AG Salter,1,0,,,,,,,,,
1127775,2018,2018-05-20,"The Cooper Associates County Ground, Taunton",1,31.4,Somerset,Glamorgan,TB Abell,JC Hildreth,AG Salter,4,0,,,,,,,,,
1127775,2018,2018-05-20,"The Cooper Associates County Ground, Taunton",1,31.5,Somerset,Glamorgan,TB Abell,JC Hildreth,AG Salter,1,0,,,,,,,,,
1127775,2018,2018-05-20,"The Cooper Associates County Ground, Taunton",1,31.6,Somerset,Glamorgan,JC Hildreth,TB Abell,AG Salter,0,0,,,,,,,,,
1127775,2018,2018-05-20,"The Cooper Associates County Ground, Taunton",1,32.1,Somerset,Glamorgan,TB Abell,JC Hildreth,CA Ingram,1,0,,,,,,,,,
1127775,2018,2018-05-20,"The Cooper Associates County Ground, Taunton",1,32.2,Somerset,Glamorgan,JC Hildreth,TB Abell,CA Ingram,0,0,,,,,,,,,
1127775,2018,2018-05-20,"The Cooper Associates County Ground, Taunton",1,32.3,Somerset,Glamorgan,JC Hildreth,TB Abell,CA Ingram,0,0,,,,,,,,,
1127775,2018,2018-05-20,"The Cooper Associates County Ground, Taunton",1,32.4,Somerset,Glamorgan,JC Hildreth,TB Abell,CA Ingram,0,0,,,,,,,,,
1127775,2018,2018-05-20,"The Cooper Associates County Ground, Taunton",1,32.5,Somerset,Glamorgan,JC Hildreth,TB Abell,CA Ingram,6,0,,,,,,,,,
1127775,2018,2018-05-20,"The Cooper Associates County Ground, Taunton",1,32.6,Somerset,Glamorgan,JC Hildreth,TB Abell,CA Ingram,6,0,,,,,,,,,
1127775,2018,2018-05-20,"The Cooper Associates County Ground, Taunton",1,33.1,Somerset,Glamorgan,TB Abell,JC Hildreth,AG Salter,0,0,,,,,,,,,
1127775,2018,2018-05-20,"The Cooper Associates County Ground, Taunton",1,33.2,Somerset,Glamorgan,TB Abell,JC Hildreth,AG Salter,4,0,,,,,,,,,
1127775,2018,2018-05-20,"The Cooper Associates County Ground, Taunton",1,33.3,Somerset,Glamorgan,TB Abell,JC Hildreth,AG Salter,4,0,,,,,,,,,
1127775,2018,2018-05-20,"The Cooper Associates County Ground, Taunton",1,33.4,Somerset,Glamorgan,TB Abell,JC Hildreth,AG Salter,1,0,,,,,,,,,
1127775,2018,2018-05-20,"The Cooper Associates County Ground, Taunton",1,33.5,Somerset,Glamorgan,JC Hildreth,TB Abell,AG Salter,0,0,,,,,,,,,
1127775,2018,2018-05-20,"The Cooper Associates County Ground, Taunton",1,33.6,Somerset,Glamorgan,JC Hildreth,TB Abell,AG Salter,1,0,,,,,,,,,
1127775,2018,2018-05-20,"The Cooper Associates County Ground, Taunton",1,34.1,Somerset,Glamorgan,JC Hildreth,TB Abell,MG Hogan,1,0,,,,,,,,,
1127775,2018,2018-05-20,"The Cooper Associates County Ground, Taunton",1,34.2,Somerset,Glamorgan,TB Abell,JC Hildreth,MG Hogan,1,0,,,,,,,,,
1127775,2018,2018-05-20,"The Cooper Associates County Ground, Taunton",1,34.3,Somerset,Glamorgan,JC Hildreth,TB Abell,MG Hogan,1,0,,,,,,,,,
1127775,2018,2018-05-20,"The Cooper Associates County Ground, Taunton",1,34.4,Somerset,Glamorgan,TB Abell,JC Hildreth,MG Hogan,0,0,,,,,,,,,
1127775,2018,2018-05-20,"The Cooper Associates County Ground, Taunton",1,34.5,Somerset,Glamorgan,TB Abell,JC Hildreth,MG Hogan,0,0,,,,,,,,,
1127775,2018,2018-05-20,"The Cooper Associates County Ground, Taunton",1,34.6,Somerset,Glamorgan,TB Abell,JC Hildreth,MG Hogan,2,0,,,,,,,,,
1127775,2018,2018-05-20,"The Cooper Associates County Ground, Taunton",1,35.1,Somerset,Glamorgan,JC Hildreth,TB Abell,LJ Carey,1,0,,,,,,,,,
1127775,2018,2018-05-20,"The Cooper Associates County Ground, Taunton",1,35.2,Somerset,Glamorgan,TB Abell,JC Hildreth,LJ Carey,4,0,,,,,,,,,
1127775,2018,2018-05-20,"The Cooper Associates County Ground, Taunton",1,35.3,Somerset,Glamorgan,TB Abell,JC Hildreth,LJ Carey,1,0,,,,,,,,,
1127775,2018,2018-05-20,"The Cooper Associates County Ground, Taunton",1,35.4,Somerset,Glamorgan,JC Hildreth,TB Abell,LJ Carey,0,0,,,,,,,,,
1127775,2018,2018-05-20,"The Cooper Associates County Ground, Taunton",1,35.5,Somerset,Glamorgan,JC Hildreth,TB Abell,LJ Carey,4,0,,,,,,,,,
1127775,2018,2018-05-20,"The Cooper Associates County Ground, Taunton",1,35.6,Somerset,Glamorgan,JC Hildreth,TB Abell,LJ Carey,1,0,,,,,,,,,
1127775,2018,2018-05-20,"The Cooper Associates County Ground, Taunton",1,36.1,Somerset,Glamorgan,JC Hildreth,TB Abell,MG Hogan,1,0,,,,,,,,,
1127775,2018,2018-05-20,"The Cooper Associates County Ground, Taunton",1,36.2,Somerset,Glamorgan,TB Abell,JC Hildreth,MG Hogan,0,0,,,,,,,,,
1127775,2018,2018-05-20,"The Cooper Associates County Ground, Taunton",1,36.3,Somerset,Glamorgan,TB Abell,JC Hildreth,MG Hogan,1,0,,,,,,,,,
1127775,2018,2018-05-20,"The Cooper Associates County Ground, Taunton",1,36.4,Somerset,Glamorgan,JC Hildreth,TB Abell,MG Hogan,0,0,,,,,,,,,
1127775,2018,2018-05-20,"The Cooper Associates County Ground, Taunton",1,36.5,Somerset,Glamorgan,JC Hildreth,TB Abell,MG Hogan,0,0,,,,,,,,,
1127775,2018,2018-05-20,"The Cooper Associates County Ground, Taunton",1,36.6,Somerset,Glamorgan,JC Hildreth,TB Abell,MG Hogan,4,0,,,,,,,,,
1127775,2018,2018-05-20,"The Cooper Associates County Ground, Taunton",1,37.1,Somerset,Glamorgan,TB Abell,JC Hildreth,LJ Carey,4,0,,,,,,,,,
1127775,2018,2018-05-20,"The Cooper Associates County Ground, Taunton",1,37.2,Somerset,Glamorgan,TB Abell,JC Hildreth,LJ Carey,1,0,,,,,,,,,
1127775,2018,2018-05-20,"The Cooper Associates County Ground, Taunton",1,37.3,Somerset,Glamorgan,JC Hildreth,TB Abell,LJ Carey,1,0,,,,,,,,,
1127775,2018,2018-05-20,"The Cooper Associates County Ground, Taunton",1,37.4,Somerset,Glamorgan,TB Abell,JC Hildreth,LJ Carey,4,0,,,,,,,,,
1127775,2018,2018-05-20,"The Cooper Associates County Ground, Taunton",1,37.5,Somerset,Glamorgan,TB Abell,JC Hildreth,LJ Carey,0,1,1,,,,,,,,
1127775,2018,2018-05-20,"The Cooper Associates County Ground, Taunton",1,37.6,Somerset,Glamorgan,TB Abell,JC Hildreth,LJ Carey,0,0,,,,,,,,,
1127775,2018,2018-05-20,"The Cooper Associates County Ground, Taunton",1,37.7,Somerset,Glamorgan,TB Abell,JC Hildreth,LJ Carey,4,0,,,,,,,,,
1127775,2018,2018-05-20,"The Cooper Associates County Ground, Taunton",1,38.1,Somerset,Glamorgan,JC Hildreth,TB Abell,GG Wagg,1,0,,,,,,,,,
1127775,2018,2018-05-20,"The Cooper Associates County Ground, Taunton",1,38.2,Somerset,Glamorgan,TB Abell,JC Hildreth,GG Wagg,1,0,,,,,,,,,
1127775,2018,2018-05-20,"The Cooper Associates County Ground, Taunton",1,38.3,Somerset,Glamorgan,JC Hildreth,TB Abell,GG Wagg,2,0,,,,,,,,,
1127775,2018,2018-05-20,"The Cooper Associates County Ground, Taunton",1,38.4,Somerset,Glamorgan,JC Hildreth,TB Abell,GG Wagg,0,0,,,,,,,,,
1127775,2018,2018-05-20,"The Cooper Associates County Ground, Taunton",1,38.5,Somerset,Glamorgan,JC Hildreth,TB Abell,GG Wagg,1,0,,,,,,,,,
1127775,2018,2018-05-20,"The Cooper Associates County Ground, Taunton",1,38.6,Somerset,Glamorgan,TB Abell,JC Hildreth,GG Wagg,0,0,,,,,,,,,
1127775,2018,2018-05-20,"The Cooper Associates County Ground, Taunton",1,39.1,Somerset,Glamorgan,JC Hildreth,TB Abell,LJ Carey,0,0,,,,,,,,,
1127775,2018,2018-05-20,"The Cooper Associates County Ground, Taunton",1,39.2,Somerset,Glamorgan,JC Hildreth,TB Abell,LJ Carey,0,0,,,,,,,,,
1127775,2018,2018-05-20,"The Cooper Associates County Ground, Taunton",1,39.3,Somerset,Glamorgan,JC Hildreth,TB Abell,LJ Carey,1,0,,,,,,,,,
1127775,2018,2018-05-20,"The Cooper Associates County Ground, Taunton",1,39.4,Somerset,Glamorgan,TB Abell,JC Hildreth,LJ Carey,1,0,,,,,,,,,
1127775,2018,2018-05-20,"The Cooper Associates County Ground, Taunton",1,39.5,Somerset,Glamorgan,JC Hildreth,TB Abell,LJ Carey,4,0,,,,,,,,,
1127775,2018,2018-05-20,"The Cooper Associates County Ground, Taunton",1,39.6,Somerset,Glamorgan,JC Hildreth,TB Abell,LJ Carey,1,0,,,,,,,,,
1127775,2018,2018-05-20,"The Cooper Associates County Ground, Taunton",1,40.1,Somerset,Glamorgan,JC Hildreth,TB Abell,GG Wagg,0,1,1,,,,,,,,
1127775,2018,2018-05-20,"The Cooper Associates County Ground, Taunton",1,40.2,Somerset,Glamorgan,JC Hildreth,TB Abell,GG Wagg,2,0,,,,,,,,,
1127775,2018,2018-05-20,"The Cooper Associates County Ground, Taunton",1,40.3,Somerset,Glamorgan,JC Hildreth,TB Abell,GG Wagg,0,0,,,,,,,,,
1127775,2018,2018-05-20,"The Cooper Associates County Ground, Taunton",1,40.4,Somerset,Glamorgan,JC Hildreth,TB Abell,GG Wagg,2,0,,,,,,,,,
1127775,2018,2018-05-20,"The Cooper Associates County Ground, Taunton",1,40.5,Somerset,Glamorgan,JC Hildreth,TB Abell,GG Wagg,1,0,,,,,,,,,
1127775,2018,2018-05-20,"The Cooper Associates County Ground, Taunton",1,40.6,Somerset,Glamorgan,TB Abell,JC Hildreth,GG Wagg,0,0,,,,,,caught,TB Abell,,
1127775,2018,2018-05-20,"The Cooper Associates County Ground, Taunton",1,40.7,Somerset,Glamorgan,RE van der Merwe,JC Hildreth,GG Wagg,0,0,,,,,,,,,
1127775,2018,2018-05-20,"The Cooper Associates County Ground, Taunton",1,41.1,Somerset,Glamorgan,JC Hildreth,RE van der Merwe,CA Ingram,1,0,,,,,,,,,
1127775,2018,2018-05-20,"The Cooper Associates County Ground, Taunton",1,41.2,Somerset,Glamorgan,RE van der Merwe,JC Hildreth,CA Ingram,0,2,2,,,,,,,,
1127775,2018,2018-05-20,"The Cooper Associates County Ground, Taunton",1,41.3,Somerset,Glamorgan,JC Hildreth,RE van der Merwe,CA Ingram,0,0,,,,,,,,,
1127775,2018,2018-05-20,"The Cooper Associates County Ground, Taunton",1,41.4,Somerset,Glamorgan,JC Hildreth,RE van der Merwe,CA Ingram,1,0,,,,,,,,,
1127775,2018,2018-05-20,"The Cooper Associates County Ground, Taunton",1,41.5,Somerset,Glamorgan,RE van der Merwe,JC Hildreth,CA Ingram,1,0,,,,,,,,,
1127775,2018,2018-05-20,"The Cooper Associates County Ground, Taunton",1,41.6,Somerset,Glamorgan,JC Hildreth,RE van der Merwe,CA Ingram,0,1,1,,,,,,,,
1127775,2018,2018-05-20,"The Cooper Associates County Ground, Taunton",1,41.7,Somerset,Glamorgan,JC Hildreth,RE van der Merwe,CA Ingram,1,0,,,,,,,,,
1127775,2018,2018-05-20,"The Cooper Associates County Ground, Taunton",1,41.8,Somerset,Glamorgan,RE van der Merwe,JC Hildreth,CA Ingram,1,0,,,,,,,,,
1127775,2018,2018-05-20,"The Cooper Associates County Ground, Taunton",1,42.1,Somerset,Glamorgan,RE van der Merwe,JC Hildreth,GG Wagg,1,0,,,,,,,,,
1127775,2018,2018-05-20,"The Cooper Associates County Ground, Taunton",1,42.2,Somerset,Glamorgan,JC Hildreth,RE van der Merwe,GG Wagg,1,0,,,,,,,,,
1127775,2018,2018-05-20,"The Cooper Associates County Ground, Taunton",1,42.3,Somerset,Glamorgan,RE van der Merwe,JC Hildreth,GG Wagg,6,0,,,,,,,,,
1127775,2018,2018-05-20,"The Cooper Associates County Ground, Taunton",1,42.4,Somerset,Glamorgan,RE van der Merwe,JC Hildreth,GG Wagg,1,0,,,,,,,,,
1127775,2018,2018-05-20,"The Cooper Associates County Ground, Taunton",1,42.5,Somerset,Glamorgan,JC Hildreth,RE van der Merwe,GG Wagg,4,0,,,,,,,,,
1127775,2018,2018-05-20,"The Cooper Associates County Ground, Taunton",1,42.6,Somerset,Glamorgan,JC Hildreth,RE van der Merwe,GG Wagg,0,0,,,,,,,,,
1127775,2018,2018-05-20,"The Cooper Associates County Ground, Taunton",1,43.1,Somerset,Glamorgan,RE van der Merwe,JC Hildreth,CA Ingram,1,0,,,,,,,,,
1127775,2018,2018-05-20,"The Cooper Associates County Ground, Taunton",1,43.2,Somerset,Glamorgan,JC Hildreth,RE van der Merwe,CA Ingram,6,0,,,,,,,,,
1127775,2018,2018-05-20,"The Cooper Associates County Ground, Taunton",1,43.3,Somerset,Glamorgan,JC Hildreth,RE van der Merwe,CA Ingram,1,0,,,,,,,,,
1127775,2018,2018-05-20,"The Cooper Associates County Ground, Taunton",1,43.4,Somerset,Glamorgan,RE van der Merwe,JC Hildreth,CA Ingram,1,0,,,,,,,,,
1127775,2018,2018-05-20,"The Cooper Associates County Ground, Taunton",1,43.5,Somerset,Glamorgan,JC Hildreth,RE van der Merwe,CA Ingram,0,0,,,,,,,,,
1127775,2018,2018-05-20,"The Cooper Associates County Ground, Taunton",1,43.6,Somerset,Glamorgan,JC Hildreth,RE van der Merwe,CA Ingram,6,0,,,,,,,,,
1127775,2018,2018-05-20,"The Cooper Associates County Ground, Taunton",1,44.1,Somerset,Glamorgan,RE van der Merwe,JC Hildreth,GG Wagg,1,0,,,,,,,,,
1127775,2018,2018-05-20,"The Cooper Associates County Ground, Taunton",1,44.2,Somerset,Glamorgan,JC Hildreth,RE van der Merwe,GG Wagg,6,0,,,,,,,,,
1127775,2018,2018-05-20,"The Cooper Associates County Ground, Taunton",1,44.3,Somerset,Glamorgan,JC Hildreth,RE van der Merwe,GG Wagg,0,1,1,,,,,,,,
1127775,2018,2018-05-20,"The Cooper Associates County Ground, Taunton",1,44.4,Somerset,Glamorgan,JC Hildreth,RE van der Merwe,GG Wagg,0,0,,,,,,,,,
1127775,2018,2018-05-20,"The Cooper Associates County Ground, Taunton",1,44.5,Somerset,Glamorgan,JC Hildreth,RE van der Merwe,GG Wagg,1,0,,,,,,,,,
1127775,2018,2018-05-20,"The Cooper Associates County Ground, Taunton",1,44.6,Somerset,Glamorgan,RE van der Merwe,JC Hildreth,GG Wagg,0,1,1,,,,,,,,
1127775,2018,2018-05-20,"The Cooper Associates County Ground, Taunton",1,44.7,Somerset,Glamorgan,RE van der Merwe,JC Hildreth,GG Wagg,0,0,,,,,,,,,
1127775,2018,2018-05-20,"The Cooper Associates County Ground, Taunton",1,44.8,Somerset,Glamorgan,RE van der Merwe,JC Hildreth,GG Wagg,0,0,,,,,,,,,
1127775,2018,2018-05-20,"The Cooper Associates County Ground, Taunton",1,45.1,Somerset,Glamorgan,JC Hildreth,RE van der Merwe,M de Lange,4,0,,,,,,,,,
1127775,2018,2018-05-20,"The Cooper Associates County Ground, Taunton",1,45.2,Somerset,Glamorgan,JC Hildreth,RE van der Merwe,M de Lange,6,0,,,,,,,,,
1127775,2018,2018-05-20,"The Cooper Associates County Ground, Taunton",1,45.3,Somerset,Glamorgan,JC Hildreth,RE van der Merwe,M de Lange,6,0,,,,,,,,,
1127775,2018,2018-05-20,"The Cooper Associates County Ground, Taunton",1,45.4,Somerset,Glamorgan,JC Hildreth,RE van der Merwe,M de Lange,1,0,,,,,,,,,
1127775,2018,2018-05-20,"The Cooper Associates County Ground, Taunton",1,45.5,Somerset,Glamorgan,RE van der Merwe,JC Hildreth,M de Lange,1,0,,,,,,,,,
1127775,2018,2018-05-20,"The Cooper Associates County Ground, Taunton",1,45.6,Somerset,Glamorgan,JC Hildreth,RE van der Merwe,M de Lange,1,0,,,,,,,,,
1127775,2018,2018-05-20,"The Cooper Associates County Ground, Taunton",1,46.1,Somerset,Glamorgan,JC Hildreth,RE van der Merwe,MG Hogan,1,0,,,,,,,,,
1127775,2018,2018-05-20,"The Cooper Associates County Ground, Taunton",1,46.2,Somerset,Glamorgan,RE van der Merwe,JC Hildreth,MG Hogan,0,0,,,,,,,,,
1127775,2018,2018-05-20,"The Cooper Associates County Ground, Taunton",1,46.3,Somerset,Glamorgan,RE van der Merwe,JC Hildreth,MG Hogan,1,0,,,,,,,,,
1127775,2018,2018-05-20,"The Cooper Associates County Ground, Taunton",1,46.4,Somerset,Glamorgan,JC Hildreth,RE van der Merwe,MG Hogan,4,0,,,,,,,,,
1127775,2018,2018-05-20,"The Cooper Associates County Ground, Taunton",1,46.5,Somerset,Glamorgan,JC Hildreth,RE van der Merwe,MG Hogan,4,0,,,,,,,,,
1127775,2018,2018-05-20,"The Cooper Associates County Ground, Taunton",1,46.6,Somerset,Glamorgan,JC Hildreth,RE van der Merwe,MG Hogan,1,0,,,,,,,,,
1127775,2018,2018-05-20,"The Cooper Associates County Ground, Taunton",1,47.1,Somerset,Glamorgan,JC Hildreth,RE van der Merwe,M de Lange,0,1,,,,1,,,,,
1127775,2018,2018-05-20,"The Cooper Associates County Ground, Taunton",1,47.2,Somerset,Glamorgan,RE van der Merwe,JC Hildreth,M de Lange,0,0,,,,,,caught,RE van der Merwe,,
1127775,2018,2018-05-20,"The Cooper Associates County Ground, Taunton",1,47.3,Somerset,Glamorgan,JC Hildreth,C Overton,M de Lange,4,0,,,,,,,,,
1127775,2018,2018-05-20,"The Cooper Associates County Ground, Taunton",1,47.4,Somerset,Glamorgan,JC Hildreth,C Overton,M de Lange,0,0,,,,,,bowled,JC Hildreth,,
1127775,2018,2018-05-20,"The Cooper Associates County Ground, Taunton",1,47.5,Somerset,Glamorgan,TD Groenewald,C Overton,M de Lange,0,0,,,,,,,,,
1127775,2018,2018-05-20,"The Cooper Associates County Ground, Taunton",1,47.6,Somerset,Glamorgan,TD Groenewald,C Overton,M de Lange,0,0,,,,,,,,,
1127775,2018,2018-05-20,"The Cooper Associates County Ground, Taunton",1,48.1,Somerset,Glamorgan,C Overton,TD Groenewald,MG Hogan,6,0,,,,,,,,,
1127775,2018,2018-05-20,"The Cooper Associates County Ground, Taunton",1,48.2,Somerset,Glamorgan,C Overton,TD Groenewald,MG Hogan,0,0,,,,,,,,,
1127775,2018,2018-05-20,"The Cooper Associates County Ground, Taunton",1,48.3,Somerset,Glamorgan,C Overton,TD Groenewald,MG Hogan,0,0,,,,,,,,,
1127775,2018,2018-05-20,"The Cooper Associates County Ground, Taunton",1,48.4,Somerset,Glamorgan,C Overton,TD Groenewald,MG Hogan,1,0,,,,,,,,,
1127775,2018,2018-05-20,"The Cooper Associates County Ground, Taunton",1,48.5,Somerset,Glamorgan,TD Groenewald,C Overton,MG Hogan,4,0,,,,,,,,,
1127775,2018,2018-05-20,"The Cooper Associates County Ground, Taunton",1,48.6,Somerset,Glamorgan,TD Groenewald,C Overton,MG Hogan,1,0,,,,,,,,,
1127775,2018,2018-05-20,"The Cooper Associates County Ground, Taunton",1,49.1,Somerset,Glamorgan,TD Groenewald,C Overton,M de Lange,1,0,,,,,,,,,
1127775,2018,2018-05-20,"The Cooper Associates County Ground, Taunton",1,49.2,Somerset,Glamorgan,C Overton,TD Groenewald,M de Lange,0,0,,,,,,,,,
1127775,2018,2018-05-20,"The Cooper Associates County Ground, Taunton",1,49.3,Somerset,Glamorgan,C Overton,TD Groenewald,M de Lange,6,0,,,,,,,,,
1127775,2018,2018-05-20,"The Cooper Associates County Ground, Taunton",1,49.4,Somerset,Glamorgan,C Overton,TD Groenewald,M de Lange,4,0,,,,,,,,,
1127775,2018,2018-05-20,"The Cooper Associates County Ground, Taunton",1,49.5,Somerset,Glamorgan,C Overton,TD Groenewald,M de Lange,4,0,,,,,,,,,
1127775,2018,2018-05-20,"The Cooper Associates County Ground, Taunton",1,49.6,Somerset,Glamorgan,C Overton,TD Groenewald,M de Lange,0,2,,2,,,,,,,
1127775,2018,2018-05-20,"The Cooper Associates County Ground, Taunton",1,49.7,Somerset,Glamorgan,C Overton,TD Groenewald,M de Lange,2,0,,,,,,,,,
1127775,2018,2018-05-20,"The Cooper Associates County Ground, Taunton",2,0.1,Glamorgan,Somerset,NJ Selman,JR Murphy,JH Davey,0,0,,,,,,,,,
1127775,2018,2018-05-20,"The Cooper Associates County Ground, Taunton",2,0.2,Glamorgan,Somerset,NJ Selman,JR Murphy,JH Davey,0,0,,,,,,,,,
1127775,2018,2018-05-20,"The Cooper Associates County Ground, Taunton",2,0.3,Glamorgan,Somerset,NJ Selman,JR Murphy,JH Davey,0,0,,,,,,,,,
1127775,2018,2018-05-20,"The Cooper Associates County Ground, Taunton",2,0.4,Glamorgan,Somerset,NJ Selman,JR Murphy,JH Davey,0,0,,,,,,,,,
1127775,2018,2018-05-20,"The Cooper Associates County Ground, Taunton",2,0.5,Glamorgan,Somerset,NJ Selman,JR Murphy,JH Davey,1,0,,,,,,,,,
1127775,2018,2018-05-20,"The Cooper Associates County Ground, Taunton",2,0.6,Glamorgan,Somerset,JR Murphy,NJ Selman,JH Davey,0,0,,,,,,,,,
1127775,2018,2018-05-20,"The Cooper Associates County Ground, Taunton",2,1.1,Glamorgan,Somerset,NJ Selman,JR Murphy,C Overton,1,0,,,,,,,,,
1127775,2018,2018-05-20,"The Cooper Associates County Ground, Taunton",2,1.2,Glamorgan,Somerset,JR Murphy,NJ Selman,C Overton,0,0,,,,,,,,,
1127775,2018,2018-05-20,"The Cooper Associates County Ground, Taunton",2,1.3,Glamorgan,Somerset,JR Murphy,NJ Selman,C Overton,0,0,,,,,,,,,
1127775,2018,2018-05-20,"The Cooper Associates County Ground, Taunton",2,1.4,Glamorgan,Somerset,JR Murphy,NJ Selman,C Overton,4,0,,,,,,,,,
1127775,2018,2018-05-20,"The Cooper Associates County Ground, Taunton",2,1.5,Glamorgan,Somerset,JR Murphy,NJ Selman,C Overton,0,0,,,,,,,,,
1127775,2018,2018-05-20,"The Cooper Associates County Ground, Taunton",2,1.6,Glamorgan,Somerset,JR Murphy,NJ Selman,C Overton,0,0,,,,,,,,,
1127775,2018,2018-05-20,"The Cooper Associates County Ground, Taunton",2,2.1,Glamorgan,Somerset,NJ Selman,JR Murphy,JH Davey,0,0,,,,,,,,,
1127775,2018,2018-05-20,"The Cooper Associates County Ground, Taunton",2,2.2,Glamorgan,Somerset,NJ Selman,JR Murphy,JH Davey,0,0,,,,,,,,,
1127775,2018,2018-05-20,"The Cooper Associates County Ground, Taunton",2,2.3,Glamorgan,Somerset,NJ Selman,JR Murphy,JH Davey,0,0,,,,,,,,,
1127775,2018,2018-05-20,"The Cooper Associates County Ground, Taunton",2,2.4,Glamorgan,Somerset,NJ Selman,JR Murphy,JH Davey,4,0,,,,,,,,,
1127775,2018,2018-05-20,"The Cooper Associates County Ground, Taunton",2,2.5,Glamorgan,Somerset,NJ Selman,JR Murphy,JH Davey,1,0,,,,,,,,,
1127775,2018,2018-05-20,"The Cooper Associates County Ground, Taunton",2,2.6,Glamorgan,Somerset,JR Murphy,NJ Selman,JH Davey,0,0,,,,,,,,,
1127775,2018,2018-05-20,"The Cooper Associates County Ground, Taunton",2,3.1,Glamorgan,Somerset,NJ Selman,JR Murphy,C Overton,0,0,,,,,,,,,
1127775,2018,2018-05-20,"The Cooper Associates County Ground, Taunton",2,3.2,Glamorgan,Somerset,NJ Selman,JR Murphy,C Overton,0,0,,,,,,,,,
1127775,2018,2018-05-20,"The Cooper Associates County Ground, Taunton",2,3.3,Glamorgan,Somerset,NJ Selman,JR Murphy,C Overton,0,0,,,,,,,,,
1127775,2018,2018-05-20,"The Cooper Associates County Ground, Taunton",2,3.4,Glamorgan,Somerset,NJ Selman,JR Murphy,C Overton,1,0,,,,,,,,,
1127775,2018,2018-05-20,"The Cooper Associates County Ground, Taunton",2,3.5,Glamorgan,Somerset,JR Murphy,NJ Selman,C Overton,0,0,,,,,,,,,
1127775,2018,2018-05-20,"The Cooper Associates County Ground, Taunton",2,3.6,Glamorgan,Somerset,JR Murphy,NJ Selman,C Overton,4,0,,,,,,,,,
1127775,2018,2018-05-20,"The Cooper Associates County Ground, Taunton",2,4.1,Glamorgan,Somerset,NJ Selman,JR Murphy,JH Davey,2,0,,,,,,,,,
1127775,2018,2018-05-20,"The Cooper Associates County Ground, Taunton",2,4.2,Glamorgan,Somerset,NJ Selman,JR Murphy,JH Davey,0,0,,,,,,,,,
1127775,2018,2018-05-20,"The Cooper Associates County Ground, Taunton",2,4.3,Glamorgan,Somerset,NJ Selman,JR Murphy,JH Davey,0,0,,,,,,,,,
1127775,2018,2018-05-20,"The Cooper Associates County Ground, Taunton",2,4.4,Glamorgan,Somerset,NJ Selman,JR Murphy,JH Davey,0,0,,,,,,,,,
1127775,2018,2018-05-20,"The Cooper Associates County Ground, Taunton",2,4.5,Glamorgan,Somerset,NJ Selman,JR Murphy,JH Davey,0,0,,,,,,,,,
1127775,2018,2018-05-20,"The Cooper Associates County Ground, Taunton",2,4.6,Glamorgan,Somerset,NJ Selman,JR Murphy,JH Davey,1,0,,,,,,,,,
1127775,2018,2018-05-20,"The Cooper Associates County Ground, Taunton",2,5.1,Glamorgan,Somerset,NJ Selman,JR Murphy,C Overton,0,0,,,,,,,,,
1127775,2018,2018-05-20,"The Cooper Associates County Ground, Taunton",2,5.2,Glamorgan,Somerset,NJ Selman,JR Murphy,C Overton,2,0,,,,,,,,,
1127775,2018,2018-05-20,"The Cooper Associates County Ground, Taunton",2,5.3,Glamorgan,Somerset,NJ Selman,JR Murphy,C Overton,0,0,,,,,,,,,
1127775,2018,2018-05-20,"The Cooper Associates County Ground, Taunton",2,5.4,Glamorgan,Somerset,NJ Selman,JR Murphy,C Overton,0,0,,,,,,,,,
1127775,2018,2018-05-20,"The Cooper Associates County Ground, Taunton",2,5.5,Glamorgan,Somerset,NJ Selman,JR Murphy,C Overton,0,0,,,,,,,,,
1127775,2018,2018-05-20,"The Cooper Associates County Ground, Taunton",2,5.6,Glamorgan,Somerset,NJ Selman,JR Murphy,C Overton,0,0,,,,,,,,,
1127775,2018,2018-05-20,"The Cooper Associates County Ground, Taunton",2,6.1,Glamorgan,Somerset,JR Murphy,NJ Selman,JH Davey,0,0,,,,,,,,,
1127775,2018,2018-05-20,"The Cooper Associates County Ground, Taunton",2,6.2,Glamorgan,Somerset,JR Murphy,NJ Selman,JH Davey,0,0,,,,,,,,,
1127775,2018,2018-05-20,"The Cooper Associates County Ground, Taunton",2,6.3,Glamorgan,Somerset,JR Murphy,NJ Selman,JH Davey,1,0,,,,,,,,,
1127775,2018,2018-05-20,"The Cooper Associates County Ground, Taunton",2,6.4,Glamorgan,Somerset,NJ Selman,JR Murphy,JH Davey,4,0,,,,,,,,,
1127775,2018,2018-05-20,"The Cooper Associates County Ground, Taunton",2,6.5,Glamorgan,Somerset,NJ Selman,JR Murphy,JH Davey,0,0,,,,,,lbw,NJ Selman,,
1127775,2018,2018-05-20,"The Cooper Associates County Ground, Taunton",2,6.6,Glamorgan,Somerset,SE Marsh,JR Murphy,JH Davey,0,0,,,,,,,,,
1127775,2018,2018-05-20,"The Cooper Associates County Ground, Taunton",2,7.1,Glamorgan,Somerset,JR Murphy,SE Marsh,C Overton,0,0,,,,,,,,,
1127775,2018,2018-05-20,"The Cooper Associates County Ground, Taunton",2,7.2,Glamorgan,Somerset,JR Murphy,SE Marsh,C Overton,0,0,,,,,,,,,
1127775,2018,2018-05-20,"The Cooper Associates County Ground, Taunton",2,7.3,Glamorgan,Somerset,JR Murphy,SE Marsh,C Overton,0,0,,,,,,,,,
1127775,2018,2018-05-20,"The Cooper Associates County Ground, Taunton",2,7.4,Glamorgan,Somerset,JR Murphy,SE Marsh,C Overton,0,0,,,,,,,,,
1127775,2018,2018-05-20,"The Cooper Associates County Ground, Taunton",2,7.5,Glamorgan,Somerset,JR Murphy,SE Marsh,C Overton,0,0,,,,,,,,,
1127775,2018,2018-05-20,"The Cooper Associates County Ground, Taunton",2,7.6,Glamorgan,Somerset,JR Murphy,SE Marsh,C Overton,0,0,,,,,,,,,
1127775,2018,2018-05-20,"The Cooper Associates County Ground, Taunton",2,8.1,Glamorgan,Somerset,SE Marsh,JR Murphy,JH Davey,0,0,,,,,,,,,
1127775,2018,2018-05-20,"The Cooper Associates County Ground, Taunton",2,8.2,Glamorgan,Somerset,SE Marsh,JR Murphy,JH Davey,4,0,,,,,,,,,
1127775,2018,2018-05-20,"The Cooper Associates County Ground, Taunton",2,8.3,Glamorgan,Somerset,SE Marsh,JR Murphy,JH Davey,0,0,,,,,,,,,
1127775,2018,2018-05-20,"The Cooper Associates County Ground, Taunton",2,8.4,Glamorgan,Somerset,SE Marsh,JR Murphy,JH Davey,0,0,,,,,,,,,
1127775,2018,2018-05-20,"The Cooper Associates County Ground, Taunton",2,8.5,Glamorgan,Somerset,SE Marsh,JR Murphy,JH Davey,0,0,,,,,,,,,
1127775,2018,2018-05-20,"The Cooper Associates County Ground, Taunton",2,8.6,Glamorgan,Somerset,SE Marsh,JR Murphy,JH Davey,0,0,,,,,,,,,
1127775,2018,2018-05-20,"The Cooper Associates County Ground, Taunton",2,9.1,Glamorgan,Somerset,JR Murphy,SE Marsh,C Overton,1,0,,,,,,,,,
1127775,2018,2018-05-20,"The Cooper Associates County Ground, Taunton",2,9.2,Glamorgan,Somerset,SE Marsh,JR Murphy,C Overton,4,0,,,,,,,,,
1127775,2018,2018-05-20,"The Cooper Associates County Ground, Taunton",2,9.3,Glamorgan,Somerset,SE Marsh,JR Murphy,C Overton,0,0,,,,,,,,,
1127775,2018,2018-05-20,"The Cooper Associates County Ground, Taunton",2,9.4,Glamorgan,Somerset,SE Marsh,JR Murphy,C Overton,0,0,,,,,,,,,
1127775,2018,2018-05-20,"The Cooper Associates County Ground, Taunton",2,9.5,Glamorgan,Somerset,SE Marsh,JR Murphy,C Overton,2,0,,,,,,,,,
1127775,2018,2018-05-20,"The Cooper Associates County Ground, Taunton",2,9.6,Glamorgan,Somerset,SE Marsh,JR Murphy,C Overton,0,0,,,,,,run out,JR Murphy,,
1127775,2018,2018-05-20,"The Cooper Associates County Ground, Taunton",2,10.1,Glamorgan,Somerset,SE Marsh,CA Ingram,JH Davey,0,0,,,,,,,,,
1127775,2018,2018-05-20,"The Cooper Associates County Ground, Taunton",2,10.2,Glamorgan,Somerset,SE Marsh,CA Ingram,JH Davey,0,0,,,,,,,,,
1127775,2018,2018-05-20,"The Cooper Associates County Ground, Taunton",2,10.3,Glamorgan,Somerset,SE Marsh,CA Ingram,JH Davey,0,0,,,,,,,,,
1127775,2018,2018-05-20,"The Cooper Associates County Ground, Taunton",2,10.4,Glamorgan,Somerset,SE Marsh,CA Ingram,JH Davey,0,0,,,,,,,,,
1127775,2018,2018-05-20,"The Cooper Associates County Ground, Taunton",2,10.5,Glamorgan,Somerset,SE Marsh,CA Ingram,JH Davey,1,0,,,,,,,,,
1127775,2018,2018-05-20,"The Cooper Associates County Ground, Taunton",2,10.6,Glamorgan,Somerset,CA Ingram,SE Marsh,JH Davey,0,0,,,,,,,,,
1127775,2018,2018-05-20,"The Cooper Associates County Ground, Taunton",2,11.1,Glamorgan,Somerset,SE Marsh,CA Ingram,TD Groenewald,0,0,,,,,,,,,
1127775,2018,2018-05-20,"The Cooper Associates County Ground, Taunton",2,11.2,Glamorgan,Somerset,SE Marsh,CA Ingram,TD Groenewald,0,0,,,,,,,,,
1127775,2018,2018-05-20,"The Cooper Associates County Ground, Taunton",2,11.3,Glamorgan,Somerset,SE Marsh,CA Ingram,TD Groenewald,0,0,,,,,,,,,
1127775,2018,2018-05-20,"The Cooper Associates County Ground, Taunton",2,11.4,Glamorgan,Somerset,SE Marsh,CA Ingram,TD Groenewald,1,0,,,,,,,,,
1127775,2018,2018-05-20,"The Cooper Associates County Ground, Taunton",2,11.5,Glamorgan,Somerset,CA Ingram,SE Marsh,TD Groenewald,0,0,,,,,,,,,
1127775,2018,2018-05-20,"The Cooper Associates County Ground, Taunton",2,11.6,Glamorgan,Somerset,CA Ingram,SE Marsh,TD Groenewald,0,0,,,,,,,,,
1127775,2018,2018-05-20,"The Cooper Associates County Ground, Taunton",2,12.1,Glamorgan,Somerset,SE Marsh,CA Ingram,JH Davey,1,0,,,,,,,,,
1127775,2018,2018-05-20,"The Cooper Associates County Ground, Taunton",2,12.2,Glamorgan,Somerset,CA Ingram,SE Marsh,JH Davey,1,0,,,,,,,,,
1127775,2018,2018-05-20,"The Cooper Associates County Ground, Taunton",2,12.3,Glamorgan,Somerset,SE Marsh,CA Ingram,JH Davey,0,0,,,,,,,,,
1127775,2018,2018-05-20,"The Cooper Associates County Ground, Taunton",2,12.4,Glamorgan,Somerset,SE Marsh,CA Ingram,JH Davey,0,0,,,,,,,,,
1127775,2018,2018-05-20,"The Cooper Associates County Ground, Taunton",2,12.5,Glamorgan,Somerset,SE Marsh,CA Ingram,JH Davey,0,0,,,,,,,,,
1127775,2018,2018-05-20,"The Cooper Associates County Ground, Taunton",2,12.6,Glamorgan,Somerset,SE Marsh,CA Ingram,JH Davey,0,0,,,,,,,,,
1127775,2018,2018-05-20,"The Cooper Associates County Ground, Taunton",2,13.1,Glamorgan,Somerset,CA Ingram,SE Marsh,TD Groenewald,0,0,,,,,,,,,
1127775,2018,2018-05-20,"The Cooper Associates County Ground, Taunton",2,13.2,Glamorgan,Somerset,CA Ingram,SE Marsh,TD Groenewald,4,0,,,,,,,,,
1127775,2018,2018-05-20,"The Cooper Associates County Ground, Taunton",2,13.3,Glamorgan,Somerset,CA Ingram,SE Marsh,TD Groenewald,1,0,,,,,,,,,
1127775,2018,2018-05-20,"The Cooper Associates County Ground, Taunton",2,13.4,Glamorgan,Somerset,SE Marsh,CA Ingram,TD Groenewald,4,0,,,,,,,,,
1127775,2018,2018-05-20,"The Cooper Associates County Ground, Taunton",2,13.5,Glamorgan,Somerset,SE Marsh,CA Ingram,TD Groenewald,0,0,,,,,,,,,
1127775,2018,2018-05-20,"The Cooper Associates County Ground, Taunton",2,13.6,Glamorgan,Somerset,SE Marsh,CA Ingram,TD Groenewald,4,0,,,,,,,,,
1127775,2018,2018-05-20,"The Cooper Associates County Ground, Taunton",2,14.1,Glamorgan,Somerset,CA Ingram,SE Marsh,JH Davey,2,0,,,,,,,,,
1127775,2018,2018-05-20,"The Cooper Associates County Ground, Taunton",2,14.2,Glamorgan,Somerset,CA Ingram,SE Marsh,JH Davey,6,0,,,,,,,,,
1127775,2018,2018-05-20,"The Cooper Associates County Ground, Taunton",2,14.3,Glamorgan,Somerset,CA Ingram,SE Marsh,JH Davey,4,0,,,,,,,,,
1127775,2018,2018-05-20,"The Cooper Associates County Ground, Taunton",2,14.4,Glamorgan,Somerset,CA Ingram,SE Marsh,JH Davey,0,0,,,,,,,,,
1127775,2018,2018-05-20,"The Cooper Associates County Ground, Taunton",2,14.5,Glamorgan,Somerset,CA Ingram,SE Marsh,JH Davey,1,0,,,,,,,,,
1127775,2018,2018-05-20,"The Cooper Associates County Ground, Taunton",2,14.6,Glamorgan,Somerset,SE Marsh,CA Ingram,JH Davey,0,0,,,,,,,,,
1127775,2018,2018-05-20,"The Cooper Associates County Ground, Taunton",2,15.1,Glamorgan,Somerset,CA Ingram,SE Marsh,TD Groenewald,1,0,,,,,,,,,
1127775,2018,2018-05-20,"The Cooper Associates County Ground, Taunton",2,15.2,Glamorgan,Somerset,SE Marsh,CA Ingram,TD Groenewald,0,0,,,,,,,,,
1127775,2018,2018-05-20,"The Cooper Associates County Ground, Taunton",2,15.3,Glamorgan,Somerset,SE Marsh,CA Ingram,TD Groenewald,4,0,,,,,,,,,
1127775,2018,2018-05-20,"The Cooper Associates County Ground, Taunton",2,15.4,Glamorgan,Somerset,SE Marsh,CA Ingram,TD Groenewald,2,0,,,,,,,,,
1127775,2018,2018-05-20,"The Cooper Associates County Ground, Taunton",2,15.5,Glamorgan,Somerset,SE Marsh,CA Ingram,TD Groenewald,4,0,,,,,,,,,
1127775,2018,2018-05-20,"The Cooper Associates County Ground, Taunton",2,15.6,Glamorgan,Somerset,SE Marsh,CA Ingram,TD Groenewald,0,0,,,,,,,,,
1127775,2018,2018-05-20,"The Cooper Associates County Ground, Taunton",2,16.1,Glamorgan,Somerset,CA Ingram,SE Marsh,JH Davey,0,0,,,,,,,,,
1127775,2018,2018-05-20,"The Cooper Associates County Ground, Taunton",2,16.2,Glamorgan,Somerset,CA Ingram,SE Marsh,JH Davey,1,0,,,,,,,,,
1127775,2018,2018-05-20,"The Cooper Associates County Ground, Taunton",2,16.3,Glamorgan,Somerset,SE Marsh,CA Ingram,JH Davey,0,0,,,,,,,,,
1127775,2018,2018-05-20,"The Cooper Associates County Ground, Taunton",2,16.4,Glamorgan,Somerset,SE Marsh,CA Ingram,JH Davey,1,0,,,,,,,,,
1127775,2018,2018-05-20,"The Cooper Associates County Ground, Taunton",2,16.5,Glamorgan,Somerset,CA Ingram,SE Marsh,JH Davey,0,0,,,,,,,,,
1127775,2018,2018-05-20,"The Cooper Associates County Ground, Taunton",2,16.6,Glamorgan,Somerset,CA Ingram,SE Marsh,JH Davey,1,0,,,,,,,,,
1127775,2018,2018-05-20,"The Cooper Associates County Ground, Taunton",2,17.1,Glamorgan,Somerset,CA Ingram,SE Marsh,TD Groenewald,1,0,,,,,,,,,
1127775,2018,2018-05-20,"The Cooper Associates County Ground, Taunton",2,17.2,Glamorgan,Somerset,SE Marsh,CA Ingram,TD Groenewald,1,0,,,,,,,,,
1127775,2018,2018-05-20,"The Cooper Associates County Ground, Taunton",2,17.3,Glamorgan,Somerset,CA Ingram,SE Marsh,TD Groenewald,0,0,,,,,,,,,
1127775,2018,2018-05-20,"The Cooper Associates County Ground, Taunton",2,17.4,Glamorgan,Somerset,CA Ingram,SE Marsh,TD Groenewald,1,0,,,,,,,,,
1127775,2018,2018-05-20,"The Cooper Associates County Ground, Taunton",2,17.5,Glamorgan,Somerset,SE Marsh,CA Ingram,TD Groenewald,1,0,,,,,,,,,
1127775,2018,2018-05-20,"The Cooper Associates County Ground, Taunton",2,17.6,Glamorgan,Somerset,CA Ingram,SE Marsh,TD Groenewald,4,0,,,,,,,,,
1127775,2018,2018-05-20,"The Cooper Associates County Ground, Taunton",2,18.1,Glamorgan,Somerset,SE Marsh,CA Ingram,JH Davey,1,0,,,,,,,,,
1127775,2018,2018-05-20,"The Cooper Associates County Ground, Taunton",2,18.2,Glamorgan,Somerset,CA Ingram,SE Marsh,JH Davey,1,0,,,,,,,,,
1127775,2018,2018-05-20,"The Cooper Associates County Ground, Taunton",2,18.3,Glamorgan,Somerset,SE Marsh,CA Ingram,JH Davey,0,1,,,,1,,,,,
1127775,2018,2018-05-20,"The Cooper Associates County Ground, Taunton",2,18.4,Glamorgan,Somerset,CA Ingram,SE Marsh,JH Davey,6,0,,,,,,,,,
1127775,2018,2018-05-20,"The Cooper Associates County Ground, Taunton",2,18.5,Glamorgan,Somerset,CA Ingram,SE Marsh,JH Davey,0,0,,,,,,,,,
1127775,2018,2018-05-20,"The Cooper Associates County Ground, Taunton",2,18.6,Glamorgan,Somerset,CA Ingram,SE Marsh,JH Davey,2,0,,,,,,,,,
1127775,2018,2018-05-20,"The Cooper Associates County Ground, Taunton",2,19.1,Glamorgan,Somerset,SE Marsh,CA Ingram,TD Groenewald,0,0,,,,,,caught,SE Marsh,,
1127775,2018,2018-05-20,"The Cooper Associates County Ground, Taunton",2,19.2,Glamorgan,Somerset,CA Ingram,DL Lloyd,TD Groenewald,1,0,,,,,,,,,
1127775,2018,2018-05-20,"The Cooper Associates County Ground, Taunton",2,19.3,Glamorgan,Somerset,DL Lloyd,CA Ingram,TD Groenewald,0,0,,,,,,,,,
1127775,2018,2018-05-20,"The Cooper Associates County Ground, Taunton",2,19.4,Glamorgan,Somerset,DL Lloyd,CA Ingram,TD Groenewald,1,0,,,,,,,,,
1127775,2018,2018-05-20,"The Cooper Associates County Ground, Taunton",2,19.5,Glamorgan,Somerset,CA Ingram,DL Lloyd,TD Groenewald,1,0,,,,,,,,,
1127775,2018,2018-05-20,"The Cooper Associates County Ground, Taunton",2,19.6,Glamorgan,Somerset,DL Lloyd,CA Ingram,TD Groenewald,1,0,,,,,,,,,
1127775,2018,2018-05-20,"The Cooper Associates County Ground, Taunton",2,20.1,Glamorgan,Somerset,DL Lloyd,CA Ingram,RE van der Merwe,0,0,,,,,,,,,
1127775,2018,2018-05-20,"The Cooper Associates County Ground, Taunton",2,20.2,Glamorgan,Somerset,DL Lloyd,CA Ingram,RE van der Merwe,1,0,,,,,,,,,
1127775,2018,2018-05-20,"The Cooper Associates County Ground, Taunton",2,20.3,Glamorgan,Somerset,CA Ingram,DL Lloyd,RE van der Merwe,0,0,,,,,,,,,
1127775,2018,2018-05-20,"The Cooper Associates County Ground, Taunton",2,20.4,Glamorgan,Somerset,CA Ingram,DL Lloyd,RE van der Merwe,1,0,,,,,,,,,
1127775,2018,2018-05-20,"The Cooper Associates County Ground, Taunton",2,20.5,Glamorgan,Somerset,DL Lloyd,CA Ingram,RE van der Merwe,2,0,,,,,,,,,
1127775,2018,2018-05-20,"The Cooper Associates County Ground, Taunton",2,20.6,Glamorgan,Somerset,DL Lloyd,CA Ingram,RE van der Merwe,1,0,,,,,,,,,
1127775,2018,2018-05-20,"The Cooper Associates County Ground, Taunton",2,21.1,Glamorgan,Somerset,DL Lloyd,CA Ingram,PD Trego,0,0,,,,,,,,,
1127775,2018,2018-05-20,"The Cooper Associates County Ground, Taunton",2,21.2,Glamorgan,Somerset,DL Lloyd,CA Ingram,PD Trego,1,0,,,,,,,,,
1127775,2018,2018-05-20,"The Cooper Associates County Ground, Taunton",2,21.3,Glamorgan,Somerset,CA Ingram,DL Lloyd,PD Trego,0,0,,,,,,,,,
1127775,2018,2018-05-20,"The Cooper Associates County Ground, Taunton",2,21.4,Glamorgan,Somerset,CA Ingram,DL Lloyd,PD Trego,0,0,,,,,,,,,
1127775,2018,2018-05-20,"The Cooper Associates County Ground, Taunton",2,21.5,Glamorgan,Somerset,CA Ingram,DL Lloyd,PD Trego,1,0,,,,,,,,,
1127775,2018,2018-05-20,"The Cooper Associates County Ground, Taunton",2,21.6,Glamorgan,Somerset,DL Lloyd,CA Ingram,PD Trego,4,0,,,,,,,,,
1127775,2018,2018-05-20,"The Cooper Associates County Ground, Taunton",2,22.1,Glamorgan,Somerset,CA Ingram,DL Lloyd,RE van der Merwe,0,0,,,,,,,,,
1127775,2018,2018-05-20,"The Cooper Associates County Ground, Taunton",2,22.2,Glamorgan,Somerset,CA Ingram,DL Lloyd,RE van der Merwe,1,0,,,,,,,,,
1127775,2018,2018-05-20,"The Cooper Associates County Ground, Taunton",2,22.3,Glamorgan,Somerset,DL Lloyd,CA Ingram,RE van der Merwe,0,0,,,,,,,,,
1127775,2018,2018-05-20,"The Cooper Associates County Ground, Taunton",2,22.4,Glamorgan,Somerset,DL Lloyd,CA Ingram,RE van der Merwe,4,0,,,,,,,,,
1127775,2018,2018-05-20,"The Cooper Associates County Ground, Taunton",2,22.5,Glamorgan,Somerset,DL Lloyd,CA Ingram,RE van der Merwe,1,0,,,,,,,,,
1127775,2018,2018-05-20,"The Cooper Associates County Ground, Taunton",2,22.6,Glamorgan,Somerset,CA Ingram,DL Lloyd,RE van der Merwe,1,0,,,,,,,,,
1127775,2018,2018-05-20,"The Cooper Associates County Ground, Taunton",2,23.1,Glamorgan,Somerset,CA Ingram,DL Lloyd,PD Trego,1,0,,,,,,,,,
1127775,2018,2018-05-20,"The Cooper Associates County Ground, Taunton",2,23.2,Glamorgan,Somerset,DL Lloyd,CA Ingram,PD Trego,1,0,,,,,,,,,
1127775,2018,2018-05-20,"The Cooper Associates County Ground, Taunton",2,23.3,Glamorgan,Somerset,CA Ingram,DL Lloyd,PD Trego,1,0,,,,,,,,,
1127775,2018,2018-05-20,"The Cooper Associates County Ground, Taunton",2,23.4,Glamorgan,Somerset,DL Lloyd,CA Ingram,PD Trego,0,0,,,,,,,,,
1127775,2018,2018-05-20,"The Cooper Associates County Ground, Taunton",2,23.5,Glamorgan,Somerset,DL Lloyd,CA Ingram,PD Trego,0,0,,,,,,,,,
1127775,2018,2018-05-20,"The Cooper Associates County Ground, Taunton",2,23.6,Glamorgan,Somerset,DL Lloyd,CA Ingram,PD Trego,4,0,,,,,,,,,
1127775,2018,2018-05-20,"The Cooper Associates County Ground, Taunton",2,24.1,Glamorgan,Somerset,CA Ingram,DL Lloyd,RE van der Merwe,0,0,,,,,,,,,
1127775,2018,2018-05-20,"The Cooper Associates County Ground, Taunton",2,24.2,Glamorgan,Somerset,CA Ingram,DL Lloyd,RE van der Merwe,4,0,,,,,,,,,
1127775,2018,2018-05-20,"The Cooper Associates County Ground, Taunton",2,24.3,Glamorgan,Somerset,CA Ingram,DL Lloyd,RE van der Merwe,0,0,,,,,,,,,
1127775,2018,2018-05-20,"The Cooper Associates County Ground, Taunton",2,24.4,Glamorgan,Somerset,CA Ingram,DL Lloyd,RE van der Merwe,1,0,,,,,,,,,
1127775,2018,2018-05-20,"The Cooper Associates County Ground, Taunton",2,24.5,Glamorgan,Somerset,DL Lloyd,CA Ingram,RE van der Merwe,1,0,,,,,,,,,
1127775,2018,2018-05-20,"The Cooper Associates County Ground, Taunton",2,24.6,Glamorgan,Somerset,CA Ingram,DL Lloyd,RE van der Merwe,1,0,,,,,,,,,
1127775,2018,2018-05-20,"The Cooper Associates County Ground, Taunton",2,25.1,Glamorgan,Somerset,CA Ingram,DL Lloyd,PD Trego,1,0,,,,,,,,,
1127775,2018,2018-05-20,"The Cooper Associates County Ground, Taunton",2,25.2,Glamorgan,Somerset,DL Lloyd,CA Ingram,PD Trego,0,0,,,,,,,,,
1127775,2018,2018-05-20,"The Cooper Associates County Ground, Taunton",2,25.3,Glamorgan,Somerset,DL Lloyd,CA Ingram,PD Trego,4,0,,,,,,,,,
1127775,2018,2018-05-20,"The Cooper Associates County Ground, Taunton",2,25.4,Glamorgan,Somerset,DL Lloyd,CA Ingram,PD Trego,1,0,,,,,,,,,
1127775,2018,2018-05-20,"The Cooper Associates County Ground, Taunton",2,25.5,Glamorgan,Somerset,CA Ingram,DL Lloyd,PD Trego,0,0,,,,,,,,,
1127775,2018,2018-05-20,"The Cooper Associates County Ground, Taunton",2,25.6,Glamorgan,Somerset,CA Ingram,DL Lloyd,PD Trego,1,0,,,,,,,,,
1127775,2018,2018-05-20,"The Cooper Associates County Ground, Taunton",2,26.1,Glamorgan,Somerset,CA Ingram,DL Lloyd,RE van der Merwe,1,0,,,,,,,,,
1127775,2018,2018-05-20,"The Cooper Associates County Ground, Taunton",2,26.2,Glamorgan,Somerset,DL Lloyd,CA Ingram,RE van der Merwe,4,0,,,,,,,,,
1127775,2018,2018-05-20,"The Cooper Associates County Ground, Taunton",2,26.3,Glamorgan,Somerset,DL Lloyd,CA Ingram,RE van der Merwe,0,0,,,,,,,,,
1127775,2018,2018-05-20,"The Cooper Associates County Ground, Taunton",2,26.4,Glamorgan,Somerset,DL Lloyd,CA Ingram,RE van der Merwe,1,0,,,,,,,,,
1127775,2018,2018-05-20,"The Cooper Associates County Ground, Taunton",2,26.5,Glamorgan,Somerset,CA Ingram,DL Lloyd,RE van der Merwe,1,0,,,,,,,,,
1127775,2018,2018-05-20,"The Cooper Associates County Ground, Taunton",2,26.6,Glamorgan,Somerset,DL Lloyd,CA Ingram,RE van der Merwe,1,0,,,,,,,,,
1127775,2018,2018-05-20,"The Cooper Associates County Ground, Taunton",2,27.1,Glamorgan,Somerset,DL Lloyd,CA Ingram,PD Trego,2,0,,,,,,,,,
1127775,2018,2018-05-20,"The Cooper Associates County Ground, Taunton",2,27.2,Glamorgan,Somerset,DL Lloyd,CA Ingram,PD Trego,0,0,,,,,,,,,
1127775,2018,2018-05-20,"The Cooper Associates County Ground, Taunton",2,27.3,Glamorgan,Somerset,DL Lloyd,CA Ingram,PD Trego,0,0,,,,,,,,,
1127775,2018,2018-05-20,"The Cooper Associates County Ground, Taunton",2,27.4,Glamorgan,Somerset,DL Lloyd,CA Ingram,PD Trego,0,0,,,,,,,,,
1127775,2018,2018-05-20,"The Cooper Associates County Ground, Taunton",2,27.5,Glamorgan,Somerset,DL Lloyd,CA Ingram,PD Trego,0,0,,,,,,,,,
1127775,2018,2018-05-20,"The Cooper Associates County Ground, Taunton",2,27.6,Glamorgan,Somerset,DL Lloyd,CA Ingram,PD Trego,0,0,,,,,,,,,
1127775,2018,2018-05-20,"The Cooper Associates County Ground, Taunton",2,28.1,Glamorgan,Somerset,CA Ingram,DL Lloyd,RE van der Merwe,0,0,,,,,,,,,
1127775,2018,2018-05-20,"The Cooper Associates County Ground, Taunton",2,28.2,Glamorgan,Somerset,CA Ingram,DL Lloyd,RE van der Merwe,1,0,,,,,,,,,
1127775,2018,2018-05-20,"The Cooper Associates County Ground, Taunton",2,28.3,Glamorgan,Somerset,DL Lloyd,CA Ingram,RE van der Merwe,0,0,,,,,,,,,
1127775,2018,2018-05-20,"The Cooper Associates County Ground, Taunton",2,28.4,Glamorgan,Somerset,DL Lloyd,CA Ingram,RE van der Merwe,0,0,,,,,,bowled,DL Lloyd,,
1127775,2018,2018-05-20,"The Cooper Associates County Ground, Taunton",2,28.5,Glamorgan,Somerset,CB Cooke,CA Ingram,RE van der Merwe,2,0,,,,,,,,,
1127775,2018,2018-05-20,"The Cooper Associates County Ground, Taunton",2,28.6,Glamorgan,Somerset,CB Cooke,CA Ingram,RE van der Merwe,1,0,,,,,,,,,
1127775,2018,2018-05-20,"The Cooper Associates County Ground, Taunton",2,29.1,Glamorgan,Somerset,CB Cooke,CA Ingram,PD Trego,0,0,,,,,,,,,
1127775,2018,2018-05-20,"The Cooper Associates County Ground, Taunton",2,29.2,Glamorgan,Somerset,CB Cooke,CA Ingram,PD Trego,0,0,,,,,,,,,
1127775,2018,2018-05-20,"The Cooper Associates County Ground, Taunton",2,29.3,Glamorgan,Somerset,CB Cooke,CA Ingram,PD Trego,0,0,,,,,,,,,
1127775,2018,2018-05-20,"The Cooper Associates County Ground, Taunton",2,29.4,Glamorgan,Somerset,CB Cooke,CA Ingram,PD Trego,1,0,,,,,,,,,
1127775,2018,2018-05-20,"The Cooper Associates County Ground, Taunton",2,29.5,Glamorgan,Somerset,CA Ingram,CB Cooke,PD Trego,0,0,,,,,,,,,
1127775,2018,2018-05-20,"The Cooper Associates County Ground, Taunton",2,29.6,Glamorgan,Somerset,CA Ingram,CB Cooke,PD Trego,1,0,,,,,,,,,
1127775,2018,2018-05-20,"The Cooper Associates County Ground, Taunton",2,30.1,Glamorgan,Somerset,CA Ingram,CB Cooke,MTC Waller,0,0,,,,,,,,,
1127775,2018,2018-05-20,"The Cooper Associates County Ground, Taunton",2,30.2,Glamorgan,Somerset,CA Ingram,CB Cooke,MTC Waller,1,0,,,,,,,,,
1127775,2018,2018-05-20,"The Cooper Associates County Ground, Taunton",2,30.3,Glamorgan,Somerset,CB Cooke,CA Ingram,MTC Waller,1,0,,,,,,,,,
1127775,2018,2018-05-20,"The Cooper Associates County Ground, Taunton",2,30.4,Glamorgan,Somerset,CA Ingram,CB Cooke,MTC Waller,0,0,,,,,,,,,
1127775,2018,2018-05-20,"The Cooper Associates County Ground, Taunton",2,30.5,Glamorgan,Somerset,CA Ingram,CB Cooke,MTC Waller,4,0,,,,,,,,,
1127775,2018,2018-05-20,"The Cooper Associates County Ground, Taunton",2,30.6,Glamorgan,Somerset,CA Ingram,CB Cooke,MTC Waller,4,0,,,,,,,,,
1127775,2018,2018-05-20,"The Cooper Associates County Ground, Taunton",2,31.1,Glamorgan,Somerset,CB Cooke,CA Ingram,C Overton,0,0,,,,,,,,,
1127775,2018,2018-05-20,"The Cooper Associates County Ground, Taunton",2,31.2,Glamorgan,Somerset,CB Cooke,CA Ingram,C Overton,1,0,,,,,,,,,
1127775,2018,2018-05-20,"The Cooper Associates County Ground, Taunton",2,31.3,Glamorgan,Somerset,CA Ingram,CB Cooke,C Overton,4,0,,,,,,,,,
1127775,2018,2018-05-20,"The Cooper Associates County Ground, Taunton",2,31.4,Glamorgan,Somerset,CA Ingram,CB Cooke,C Overton,1,0,,,,,,,,,
1127775,2018,2018-05-20,"The Cooper Associates County Ground, Taunton",2,31.5,Glamorgan,Somerset,CB Cooke,CA Ingram,C Overton,1,0,,,,,,,,,
1127775,2018,2018-05-20,"The Cooper Associates County Ground, Taunton",2,31.6,Glamorgan,Somerset,CA Ingram,CB Cooke,C Overton,0,0,,,,,,,,,
1127775,2018,2018-05-20,"The Cooper Associates County Ground, Taunton",2,32.1,Glamorgan,Somerset,CB Cooke,CA Ingram,MTC Waller,1,0,,,,,,,,,
1127775,2018,2018-05-20,"The Cooper Associates County Ground, Taunton",2,32.2,Glamorgan,Somerset,CA Ingram,CB Cooke,MTC Waller,1,0,,,,,,,,,
1127775,2018,2018-05-20,"The Cooper Associates County Ground, Taunton",2,32.3,Glamorgan,Somerset,CB Cooke,CA Ingram,MTC Waller,0,0,,,,,,,,,
1127775,2018,2018-05-20,"The Cooper Associates County Ground, Taunton",2,32.4,Glamorgan,Somerset,CB Cooke,CA Ingram,MTC Waller,1,0,,,,,,,,,
1127775,2018,2018-05-20,"The Cooper Associates County Ground, Taunton",2,32.5,Glamorgan,Somerset,CA Ingram,CB Cooke,MTC Waller,2,0,,,,,,,,,
1127775,2018,2018-05-20,"The Cooper Associates County Ground, Taunton",2,32.6,Glamorgan,Somerset,CA Ingram,CB Cooke,MTC Waller,0,0,,,,,,,,,
1127775,2018,2018-05-20,"The Cooper Associates County Ground, Taunton",2,33.1,Glamorgan,Somerset,CB Cooke,CA Ingram,C Overton,4,0,,,,,,,,,
1127775,2018,2018-05-20,"The Cooper Associates County Ground, Taunton",2,33.2,Glamorgan,Somerset,CB Cooke,CA Ingram,C Overton,0,0,,,,,,,,,
1127775,2018,2018-05-20,"The Cooper Associates County Ground, Taunton",2,33.3,Glamorgan,Somerset,CB Cooke,CA Ingram,C Overton,1,0,,,,,,,,,
1127775,2018,2018-05-20,"The Cooper Associates County Ground, Taunton",2,33.4,Glamorgan,Somerset,CA Ingram,CB Cooke,C Overton,4,0,,,,,,,,,
1127775,2018,2018-05-20,"The Cooper Associates County Ground, Taunton",2,33.5,Glamorgan,Somerset,CA Ingram,CB Cooke,C Overton,0,0,,,,,,,,,
1127775,2018,2018-05-20,"The Cooper Associates County Ground, Taunton",2,33.6,Glamorgan,Somerset,CA Ingram,CB Cooke,C Overton,4,0,,,,,,,,,
1127775,2018,2018-05-20,"The Cooper Associates County Ground, Taunton",2,34.1,Glamorgan,Somerset,CB Cooke,CA Ingram,MTC Waller,1,0,,,,,,,,,
1127775,2018,2018-05-20,"The Cooper Associates County Ground, Taunton",2,34.2,Glamorgan,Somerset,CA Ingram,CB Cooke,MTC Waller,1,0,,,,,,,,,
1127775,2018,2018-05-20,"The Cooper Associates County Ground, Taunton",2,34.3,Glamorgan,Somerset,CB Cooke,CA Ingram,MTC Waller,0,0,,,,,,,,,
1127775,2018,2018-05-20,"The Cooper Associates County Ground, Taunton",2,34.4,Glamorgan,Somerset,CB Cooke,CA Ingram,MTC Waller,6,0,,,,,,,,,
1127775,2018,2018-05-20,"The Cooper Associates County Ground, Taunton",2,34.5,Glamorgan,Somerset,CB Cooke,CA Ingram,MTC Waller,1,0,,,,,,,,,
1127775,2018,2018-05-20,"The Cooper Associates County Ground, Taunton",2,34.6,Glamorgan,Somerset,CA Ingram,CB Cooke,MTC Waller,1,0,,,,,,,,,
1127775,2018,2018-05-20,"The Cooper Associates County Ground, Taunton",2,35.1,Glamorgan,Somerset,CA Ingram,CB Cooke,TD Groenewald,1,0,,,,,,,,,
1127775,2018,2018-05-20,"The Cooper Associates County Ground, Taunton",2,35.2,Glamorgan,Somerset,CB Cooke,CA Ingram,TD Groenewald,1,0,,,,,,,,,
1127775,2018,2018-05-20,"The Cooper Associates County Ground, Taunton",2,35.3,Glamorgan,Somerset,CA Ingram,CB Cooke,TD Groenewald,0,0,,,,,,,,,
1127775,2018,2018-05-20,"The Cooper Associates County Ground, Taunton",2,35.4,Glamorgan,Somerset,CA Ingram,CB Cooke,TD Groenewald,0,0,,,,,,caught,CA Ingram,,
1127775,2018,2018-05-20,"The Cooper Associates County Ground, Taunton",2,35.5,Glamorgan,Somerset,CB Cooke,M de Lange,TD Groenewald,1,0,,,,,,,,,
1127775,2018,2018-05-20,"The Cooper Associates County Ground, Taunton",2,35.6,Glamorgan,Somerset,M de Lange,CB Cooke,TD Groenewald,6,0,,,,,,,,,
1127775,2018,2018-05-20,"The Cooper Associates County Ground, Taunton",2,36.1,Glamorgan,Somerset,CB Cooke,M de Lange,RE van der Merwe,0,0,,,,,,,,,
1127775,2018,2018-05-20,"The Cooper Associates County Ground, Taunton",2,36.2,Glamorgan,Somerset,CB Cooke,M de Lange,RE van der Merwe,1,0,,,,,,,,,
1127775,2018,2018-05-20,"The Cooper Associates County Ground, Taunton",2,36.3,Glamorgan,Somerset,M de Lange,CB Cooke,RE van der Merwe,2,0,,,,,,,,,
1127775,2018,2018-05-20,"The Cooper Associates County Ground, Taunton",2,36.4,Glamorgan,Somerset,M de Lange,CB Cooke,RE van der Merwe,6,0,,,,,,,,,
1127775,2018,2018-05-20,"The Cooper Associates County Ground, Taunton",2,36.5,Glamorgan,Somerset,M de Lange,CB Cooke,RE van der Merwe,1,0,,,,,,,,,
1127775,2018,2018-05-20,"The Cooper Associates County Ground, Taunton",2,36.6,Glamorgan,Somerset,CB Cooke,M de Lange,RE van der Merwe,1,0,,,,,,,,,
1127775,2018,2018-05-20,"The Cooper Associates County Ground, Taunton",2,37.1,Glamorgan,Somerset,CB Cooke,M de Lange,TD Groenewald,1,0,,,,,,,,,
1127775,2018,2018-05-20,"The Cooper Associates County Ground, Taunton",2,37.2,Glamorgan,Somerset,M de Lange,CB Cooke,TD Groenewald,4,0,,,,,,,,,
1127775,2018,2018-05-20,"The Cooper Associates County Ground, Taunton",2,37.3,Glamorgan,Somerset,M de Lange,CB Cooke,TD Groenewald,0,0,,,,,,,,,
1127775,2018,2018-05-20,"The Cooper Associates County Ground, Taunton",2,37.4,Glamorgan,Somerset,M de Lange,CB Cooke,TD Groenewald,1,0,,,,,,,,,
1127775,2018,2018-05-20,"The Cooper Associates County Ground, Taunton",2,37.5,Glamorgan,Somerset,CB Cooke,M de Lange,TD Groenewald,1,0,,,,,,,,,
1127775,2018,2018-05-20,"The Cooper Associates County Ground, Taunton",2,37.6,Glamorgan,Somerset,M de Lange,CB Cooke,TD Groenewald,1,0,,,,,,,,,
1127775,2018,2018-05-20,"The Cooper Associates County Ground, Taunton",2,38.1,Glamorgan,Somerset,M de Lange,CB Cooke,PD Trego,1,0,,,,,,,,,
1127775,2018,2018-05-20,"The Cooper Associates County Ground, Taunton",2,38.2,Glamorgan,Somerset,CB Cooke,M de Lange,PD Trego,0,0,,,,,,caught,CB Cooke,,
1127775,2018,2018-05-20,"The Cooper Associates County Ground, Taunton",2,38.3,Glamorgan,Somerset,M de Lange,GG Wagg,PD Trego,1,0,,,,,,,,,
1127775,2018,2018-05-20,"The Cooper Associates County Ground, Taunton",2,38.4,Glamorgan,Somerset,GG Wagg,M de Lange,PD Trego,1,0,,,,,,,,,
1127775,2018,2018-05-20,"The Cooper Associates County Ground, Taunton",2,38.5,Glamorgan,Somerset,M de Lange,GG Wagg,PD Trego,1,0,,,,,,,,,
1127775,2018,2018-05-20,"The Cooper Associates County Ground, Taunton",2,38.6,Glamorgan,Somerset,GG Wagg,M de Lange,PD Trego,0,0,,,,,,,,,
1127775,2018,2018-05-20,"The Cooper Associates County Ground, Taunton",2,39.1,Glamorgan,Somerset,M de Lange,GG Wagg,RE van der Merwe,0,0,,,,,,,,,
1127775,2018,2018-05-20,"The Cooper Associates County Ground, Taunton",2,39.2,Glamorgan,Somerset,M de Lange,GG Wagg,RE van der Merwe,2,0,,,,,,,,,
1127775,2018,2018-05-20,"The Cooper Associates County Ground, Taunton",2,39.3,Glamorgan,Somerset,M de Lange,GG Wagg,RE van der Merwe,0,0,,,,,,,,,
1127775,2018,2018-05-20,"The Cooper Associates County Ground, Taunton",2,39.4,Glamorgan,Somerset,M de Lange,GG Wagg,RE van der Merwe,0,1,,,,1,,,,,
1127775,2018,2018-05-20,"The Cooper Associates County Ground, Taunton",2,39.5,Glamorgan,Somerset,GG Wagg,M de Lange,RE van der Merwe,0,0,,,,,,,,,
1127775,2018,2018-05-20,"The Cooper Associates County Ground, Taunton",2,39.6,Glamorgan,Somerset,GG Wagg,M de Lange,RE van der Merwe,1,0,,,,,,,,,
1127775,2018,2018-05-20,"The Cooper Associates County Ground, Taunton",2,40.1,Glamorgan,Somerset,GG Wagg,M de Lange,PD Trego,1,0,,,,,,,,,
1127775,2018,2018-05-20,"The Cooper Associates County Ground, Taunton",2,40.2,Glamorgan,Somerset,M de Lange,GG Wagg,PD Trego,1,0,,,,,,,,,
1127775,2018,2018-05-20,"The Cooper Associates County Ground, Taunton",2,40.3,Glamorgan,Somerset,GG Wagg,M de Lange,PD Trego,1,0,,,,,,,,,
1127775,2018,2018-05-20,"The Cooper Associates County Ground, Taunton",2,40.4,Glamorgan,Somerset,M de Lange,GG Wagg,PD Trego,1,0,,,,,,,,,
1127775,2018,2018-05-20,"The Cooper Associates County Ground, Taunton",2,40.5,Glamorgan,Somerset,GG Wagg,M de Lange,PD Trego,0,0,,,,,,,,,
1127775,2018,2018-05-20,"The Cooper Associates County Ground, Taunton",2,40.6,Glamorgan,Somerset,GG Wagg,M de Lange,PD Trego,4,0,,,,,,,,,
1127775,2018,2018-05-20,"The Cooper Associates County Ground, Taunton",2,41.1,Glamorgan,Somerset,M de Lange,GG Wagg,RE van der Merwe,2,0,,,,,,,,,
1127775,2018,2018-05-20,"The Cooper Associates County Ground, Taunton",2,41.2,Glamorgan,Somerset,M de Lange,GG Wagg,RE van der Merwe,0,1,,,1,,,,,,
1127775,2018,2018-05-20,"The Cooper Associates County Ground, Taunton",2,41.3,Glamorgan,Somerset,GG Wagg,M de Lange,RE van der Merwe,0,0,,,,,,,,,
1127775,2018,2018-05-20,"The Cooper Associates County Ground, Taunton",2,41.4,Glamorgan,Somerset,GG Wagg,M de Lange,RE van der Merwe,1,0,,,,,,,,,
1127775,2018,2018-05-20,"The Cooper Associates County Ground, Taunton",2,41.5,Glamorgan,Somerset,M de Lange,GG Wagg,RE van der Merwe,1,0,,,,,,,,,
1127775,2018,2018-05-20,"The Cooper Associates County Ground, Taunton",2,41.6,Glamorgan,Somerset,GG Wagg,M de Lange,RE van der Merwe,0,1,,,,1,,,,,
1127775,2018,2018-05-20,"The Cooper Associates County Ground, Taunton",2,42.1,Glamorgan,Somerset,GG Wagg,M de Lange,PD Trego,6,0,,,,,,,,,
1127775,2018,2018-05-20,"The Cooper Associates County Ground, Taunton",2,42.2,Glamorgan,Somerset,GG Wagg,M de Lange,PD Trego,6,0,,,,,,,,,
1127775,2018,2018-05-20,"The Cooper Associates County Ground, Taunton",2,42.3,Glamorgan,Somerset,GG Wagg,M de Lange,PD Trego,4,0,,,,,,,,,
1127775,2018,2018-05-20,"The Cooper Associates County Ground, Taunton",2,42.4,Glamorgan,Somerset,GG Wagg,M de Lange,PD Trego,0,0,,,,,,caught,GG Wagg,,
1127775,2018,2018-05-20,"The Cooper Associates County Ground, Taunton",2,42.5,Glamorgan,Somerset,AG Salter,M de Lange,PD Trego,0,1,,,,1,,,,,
1127775,2018,2018-05-20,"The Cooper Associates County Ground, Taunton",2,42.6,Glamorgan,Somerset,M de Lange,AG Salter,PD Trego,1,0,,,,,,,,,
1127775,2018,2018-05-20,"The Cooper Associates County Ground, Taunton",2,43.1,Glamorgan,Somerset,M de Lange,AG Salter,RE van der Merwe,1,0,,,,,,,,,
1127775,2018,2018-05-20,"The Cooper Associates County Ground, Taunton",2,43.2,Glamorgan,Somerset,AG Salter,M de Lange,RE van der Merwe,1,0,,,,,,,,,
1127775,2018,2018-05-20,"The Cooper Associates County Ground, Taunton",2,43.3,Glamorgan,Somerset,M de Lange,AG Salter,RE van der Merwe,4,0,,,,,,,,,
1127775,2018,2018-05-20,"The Cooper Associates County Ground, Taunton",2,43.4,Glamorgan,Somerset,M de Lange,AG Salter,RE van der Merwe,1,0,,,,,,,,,
1127775,2018,2018-05-20,"The Cooper Associates County Ground, Taunton",2,43.5,Glamorgan,Somerset,AG Salter,M de Lange,RE van der Merwe,4,0,,,,,,,,,
1127775,2018,2018-05-20,"The Cooper Associates County Ground, Taunton",2,43.6,Glamorgan,Somerset,AG Salter,M de Lange,RE van der Merwe,1,0,,,,,,,,,
1127775,2018,2018-05-20,"The Cooper Associates County Ground, Taunton",2,44.1,Glamorgan,Somerset,AG Salter,M de Lange,C Overton,0,0,,,,,,caught,AG Salter,,
1127775,2018,2018-05-20,"The Cooper Associates County Ground, Taunton",2,44.2,Glamorgan,Somerset,M de Lange,LJ Carey,C Overton,0,0,,,,,,,,,
1127775,2018,2018-05-20,"The Cooper Associates County Ground, Taunton",2,44.3,Glamorgan,Somerset,M de Lange,LJ Carey,C Overton,1,0,,,,,,,,,
1127775,2018,2018-05-20,"The Cooper Associates County Ground, Taunton",2,44.4,Glamorgan,Somerset,LJ Carey,M de Lange,C Overton,0,0,,,,,,,,,
1127775,2018,2018-05-20,"The Cooper Associates County Ground, Taunton",2,44.5,Glamorgan,Somerset,LJ Carey,M de Lange,C Overton,0,0,,,,,,,,,
1127775,2018,2018-05-20,"The Cooper Associates County Ground, Taunton",2,44.6,Glamorgan,Somerset,LJ Carey,M de Lange,C Overton,1,0,,,,,,,,,
1127775,2018,2018-05-20,"The Cooper Associates County Ground, Taunton",2,45.1,Glamorgan,Somerset,LJ Carey,M de Lange,RE van der Merwe,1,0,,,,,,,,,
1127775,2018,2018-05-20,"The Cooper Associates County Ground, Taunton",2,45.2,Glamorgan,Somerset,M de Lange,LJ Carey,RE van der Merwe,1,0,,,,,,,,,
1127775,2018,2018-05-20,"The Cooper Associates County Ground, Taunton",2,45.3,Glamorgan,Somerset,LJ Carey,M de Lange,RE van der Merwe,0,0,,,,,,,,,
1127775,2018,2018-05-20,"The Cooper Associates County Ground, Taunton",2,45.4,Glamorgan,Somerset,LJ Carey,M de Lange,RE van der Merwe,0,0,,,,,,run out,LJ Carey,,
1127775,2018,2018-05-20,"The Cooper Associates County Ground, Taunton",2,45.5,Glamorgan,Somerset,MG Hogan,M de Lange,RE van der Merwe,1,0,,,,,,,,,
1127775,2018,2018-05-20,"The Cooper Associates County Ground, Taunton",2,45.6,Glamorgan,Somerset,M de Lange,MG Hogan,RE van der Merwe,0,0,,,,,,caught,M de Lange,,
