match_id,season,start_date,venue,innings,ball,batting_team,bowling_team,striker,non_striker,bowler,runs_off_bat,extras,wides,noballs,byes,legbyes,penalty,wicket_type,player_dismissed,other_wicket_type,other_player_dismissed
390253,2009,2009-04-19,Willowmoore Park,1,0.1,Afghanistan,Scotland,Noor Ali Zadran,Karim Sadiq,JAR Blain,0,0,,,,,,,,,
390253,2009,2009-04-19,Willowmoore Park,1,0.2,Afghanistan,Scotland,Noor Ali Zadran,Karim Sadiq,JAR Blain,4,0,,,,,,,,,
390253,2009,2009-04-19,Willowmoore Park,1,0.3,Afghanistan,Scotland,Noor Ali Zadran,Karim Sadiq,JAR Blain,0,0,,,,,,,,,
390253,2009,2009-04-19,Willowmoore Park,1,0.4,Afghanistan,Scotland,Noor Ali Zadran,Karim Sadiq,JAR Blain,4,0,,,,,,,,,
390253,2009,2009-04-19,Willowmoore Park,1,0.5,Afghanistan,Scotland,Noor Ali Zadran,Karim Sadiq,JAR Blain,4,0,,,,,,,,,
390253,2009,2009-04-19,Willowmoore Park,1,0.6,Afghanistan,Scotland,Noor Ali Zadran,Karim Sadiq,JAR Blain,0,0,,,,,,,,,
390253,2009,2009-04-19,Willowmoore Park,1,1.1,Afghanistan,Scotland,Karim Sadiq,Noor Ali Zadran,CS MacLeod,0,0,,,,,,,,,
390253,2009,2009-04-19,Willowmoore Park,1,1.2,Afghanistan,Scotland,Karim Sadiq,Noor Ali Zadran,CS MacLeod,0,0,,,,,,,,,
390253,2009,2009-04-19,Willowmoore Park,1,1.3,Afghanistan,Scotland,Karim Sadiq,Noor Ali Zadran,CS MacLeod,0,0,,,,,,,,,
390253,2009,2009-04-19,Willowmoore Park,1,1.4,Afghanistan,Scotland,Karim Sadiq,Noor Ali Zadran,CS MacLeod,0,0,,,,,,,,,
390253,2009,2009-04-19,Willowmoore Park,1,1.5,Afghanistan,Scotland,Karim Sadiq,Noor Ali Zadran,CS MacLeod,1,0,,,,,,,,,
390253,2009,2009-04-19,Willowmoore Park,1,1.6,Afghanistan,Scotland,Noor Ali Zadran,Karim Sadiq,CS MacLeod,0,0,,,,,,,,,
390253,2009,2009-04-19,Willowmoore Park,1,2.1,Afghanistan,Scotland,Karim Sadiq,Noor Ali Zadran,JAR Blain,4,0,,,,,,,,,
390253,2009,2009-04-19,Willowmoore Park,1,2.2,Afghanistan,Scotland,Karim Sadiq,Noor Ali Zadran,JAR Blain,0,0,,,,,,,,,
390253,2009,2009-04-19,Willowmoore Park,1,2.3,Afghanistan,Scotland,Karim Sadiq,Noor Ali Zadran,JAR Blain,1,0,,,,,,,,,
390253,2009,2009-04-19,Willowmoore Park,1,2.4,Afghanistan,Scotland,Noor Ali Zadran,Karim Sadiq,JAR Blain,0,0,,,,,,,,,
390253,2009,2009-04-19,Willowmoore Park,1,2.5,Afghanistan,Scotland,Noor Ali Zadran,Karim Sadiq,JAR Blain,0,0,,,,,,,,,
390253,2009,2009-04-19,Willowmoore Park,1,2.6,Afghanistan,Scotland,Noor Ali Zadran,Karim Sadiq,JAR Blain,0,0,,,,,,,,,
390253,2009,2009-04-19,Willowmoore Park,1,3.1,Afghanistan,Scotland,Karim Sadiq,Noor Ali Zadran,CS MacLeod,0,0,,,,,,,,,
390253,2009,2009-04-19,Willowmoore Park,1,3.2,Afghanistan,Scotland,Karim Sadiq,Noor Ali Zadran,CS MacLeod,0,0,,,,,,,,,
390253,2009,2009-04-19,Willowmoore Park,1,3.3,Afghanistan,Scotland,Karim Sadiq,Noor Ali Zadran,CS MacLeod,0,0,,,,,,,,,
390253,2009,2009-04-19,Willowmoore Park,1,3.4,Afghanistan,Scotland,Karim Sadiq,Noor Ali Zadran,CS MacLeod,0,0,,,,,,,,,
390253,2009,2009-04-19,Willowmoore Park,1,3.5,Afghanistan,Scotland,Karim Sadiq,Noor Ali Zadran,CS MacLeod,0,0,,,,,,,,,
390253,2009,2009-04-19,Willowmoore Park,1,3.6,Afghanistan,Scotland,Karim Sadiq,Noor Ali Zadran,CS MacLeod,1,0,,,,,,,,,
390253,2009,2009-04-19,Willowmoore Park,1,4.1,Afghanistan,Scotland,Karim Sadiq,Noor Ali Zadran,JAR Blain,0,0,,,,,,,,,
390253,2009,2009-04-19,Willowmoore Park,1,4.2,Afghanistan,Scotland,Karim Sadiq,Noor Ali Zadran,JAR Blain,6,0,,,,,,,,,
390253,2009,2009-04-19,Willowmoore Park,1,4.3,Afghanistan,Scotland,Karim Sadiq,Noor Ali Zadran,JAR Blain,0,0,,,,,,,,,
390253,2009,2009-04-19,Willowmoore Park,1,4.4,Afghanistan,Scotland,Karim Sadiq,Noor Ali Zadran,JAR Blain,0,0,,,,,,,,,
390253,2009,2009-04-19,Willowmoore Park,1,4.5,Afghanistan,Scotland,Karim Sadiq,Noor Ali Zadran,JAR Blain,6,0,,,,,,,,,
390253,2009,2009-04-19,Willowmoore Park,1,4.6,Afghanistan,Scotland,Karim Sadiq,Noor Ali Zadran,JAR Blain,0,0,,,,,,,,,
390253,2009,2009-04-19,Willowmoore Park,1,5.1,Afghanistan,Scotland,Noor Ali Zadran,Karim Sadiq,CS MacLeod,4,0,,,,,,,,,
390253,2009,2009-04-19,Willowmoore Park,1,5.2,Afghanistan,Scotland,Noor Ali Zadran,Karim Sadiq,CS MacLeod,4,0,,,,,,,,,
390253,2009,2009-04-19,Willowmoore Park,1,5.3,Afghanistan,Scotland,Noor Ali Zadran,Karim Sadiq,CS MacLeod,4,0,,,,,,,,,
390253,2009,2009-04-19,Willowmoore Park,1,5.4,Afghanistan,Scotland,Noor Ali Zadran,Karim Sadiq,CS MacLeod,1,0,,,,,,,,,
390253,2009,2009-04-19,Willowmoore Park,1,5.5,Afghanistan,Scotland,Karim Sadiq,Noor Ali Zadran,CS MacLeod,1,0,,,,,,,,,
390253,2009,2009-04-19,Willowmoore Park,1,5.6,Afghanistan,Scotland,Noor Ali Zadran,Karim Sadiq,CS MacLeod,1,0,,,,,,,,,
390253,2009,2009-04-19,Willowmoore Park,1,6.1,Afghanistan,Scotland,Noor Ali Zadran,Karim Sadiq,JH Stander,4,0,,,,,,,,,
390253,2009,2009-04-19,Willowmoore Park,1,6.2,Afghanistan,Scotland,Noor Ali Zadran,Karim Sadiq,JH Stander,4,0,,,,,,,,,
390253,2009,2009-04-19,Willowmoore Park,1,6.3,Afghanistan,Scotland,Noor Ali Zadran,Karim Sadiq,JH Stander,0,0,,,,,,,,,
390253,2009,2009-04-19,Willowmoore Park,1,6.4,Afghanistan,Scotland,Noor Ali Zadran,Karim Sadiq,JH Stander,1,0,,,,,,,,,
390253,2009,2009-04-19,Willowmoore Park,1,6.5,Afghanistan,Scotland,Karim Sadiq,Noor Ali Zadran,JH Stander,0,0,,,,,,lbw,Karim Sadiq,,
390253,2009,2009-04-19,Willowmoore Park,1,6.6,Afghanistan,Scotland,Mohammad Nabi,Noor Ali Zadran,JH Stander,0,1,1,,,,,,,,
390253,2009,2009-04-19,Willowmoore Park,1,6.7,Afghanistan,Scotland,Mohammad Nabi,Noor Ali Zadran,JH Stander,0,0,,,,,,,,,
390253,2009,2009-04-19,Willowmoore Park,1,7.1,Afghanistan,Scotland,Noor Ali Zadran,Mohammad Nabi,CS MacLeod,0,0,,,,,,,,,
390253,2009,2009-04-19,Willowmoore Park,1,7.2,Afghanistan,Scotland,Noor Ali Zadran,Mohammad Nabi,CS MacLeod,0,1,1,,,,,,,,
390253,2009,2009-04-19,Willowmoore Park,1,7.3,Afghanistan,Scotland,Noor Ali Zadran,Mohammad Nabi,CS MacLeod,2,0,,,,,,,,,
390253,2009,2009-04-19,Willowmoore Park,1,7.4,Afghanistan,Scotland,Noor Ali Zadran,Mohammad Nabi,CS MacLeod,1,0,,,,,,,,,
390253,2009,2009-04-19,Willowmoore Park,1,7.5,Afghanistan,Scotland,Mohammad Nabi,Noor Ali Zadran,CS MacLeod,0,0,,,,,,,,,
390253,2009,2009-04-19,Willowmoore Park,1,7.6,Afghanistan,Scotland,Mohammad Nabi,Noor Ali Zadran,CS MacLeod,0,0,,,,,,,,,
390253,2009,2009-04-19,Willowmoore Park,1,7.7,Afghanistan,Scotland,Mohammad Nabi,Noor Ali Zadran,CS MacLeod,1,0,,,,,,,,,
390253,2009,2009-04-19,Willowmoore Park,1,8.1,Afghanistan,Scotland,Mohammad Nabi,Noor Ali Zadran,JH Stander,0,0,,,,,,,,,
390253,2009,2009-04-19,Willowmoore Park,1,8.2,Afghanistan,Scotland,Mohammad Nabi,Noor Ali Zadran,JH Stander,2,0,,,,,,,,,
390253,2009,2009-04-19,Willowmoore Park,1,8.3,Afghanistan,Scotland,Mohammad Nabi,Noor Ali Zadran,JH Stander,0,1,1,,,,,,,,
390253,2009,2009-04-19,Willowmoore Park,1,8.4,Afghanistan,Scotland,Mohammad Nabi,Noor Ali Zadran,JH Stander,0,0,,,,,,,,,
390253,2009,2009-04-19,Willowmoore Park,1,8.5,Afghanistan,Scotland,Mohammad Nabi,Noor Ali Zadran,JH Stander,0,0,,,,,,,,,
390253,2009,2009-04-19,Willowmoore Park,1,8.6,Afghanistan,Scotland,Mohammad Nabi,Noor Ali Zadran,JH Stander,0,0,,,,,,,,,
390253,2009,2009-04-19,Willowmoore Park,1,8.7,Afghanistan,Scotland,Mohammad Nabi,Noor Ali Zadran,JH Stander,0,0,,,,,,,,,
390253,2009,2009-04-19,Willowmoore Park,1,9.1,Afghanistan,Scotland,Noor Ali Zadran,Mohammad Nabi,CS MacLeod,4,0,,,,,,,,,
390253,2009,2009-04-19,Willowmoore Park,1,9.2,Afghanistan,Scotland,Noor Ali Zadran,Mohammad Nabi,CS MacLeod,1,0,,,,,,,,,
390253,2009,2009-04-19,Willowmoore Park,1,9.3,Afghanistan,Scotland,Mohammad Nabi,Noor Ali Zadran,CS MacLeod,4,0,,,,,,,,,
390253,2009,2009-04-19,Willowmoore Park,1,9.4,Afghanistan,Scotland,Mohammad Nabi,Noor Ali Zadran,CS MacLeod,0,0,,,,,,,,,
390253,2009,2009-04-19,Willowmoore Park,1,9.5,Afghanistan,Scotland,Mohammad Nabi,Noor Ali Zadran,CS MacLeod,0,0,,,,,,,,,
390253,2009,2009-04-19,Willowmoore Park,1,9.6,Afghanistan,Scotland,Mohammad Nabi,Noor Ali Zadran,CS MacLeod,0,0,,,,,,,,,
390253,2009,2009-04-19,Willowmoore Park,1,10.1,Afghanistan,Scotland,Noor Ali Zadran,Mohammad Nabi,JH Stander,0,0,,,,,,,,,
390253,2009,2009-04-19,Willowmoore Park,1,10.2,Afghanistan,Scotland,Noor Ali Zadran,Mohammad Nabi,JH Stander,1,0,,,,,,,,,
390253,2009,2009-04-19,Willowmoore Park,1,10.3,Afghanistan,Scotland,Mohammad Nabi,Noor Ali Zadran,JH Stander,0,0,,,,,,,,,
390253,2009,2009-04-19,Willowmoore Park,1,10.4,Afghanistan,Scotland,Mohammad Nabi,Noor Ali Zadran,JH Stander,0,0,,,,,,,,,
390253,2009,2009-04-19,Willowmoore Park,1,10.5,Afghanistan,Scotland,Mohammad Nabi,Noor Ali Zadran,JH Stander,0,0,,,,,,,,,
390253,2009,2009-04-19,Willowmoore Park,1,10.6,Afghanistan,Scotland,Mohammad Nabi,Noor Ali Zadran,JH Stander,0,0,,,,,,,,,
390253,2009,2009-04-19,Willowmoore Park,1,11.1,Afghanistan,Scotland,Noor Ali Zadran,Mohammad Nabi,GD Drummond,1,0,,,,,,,,,
390253,2009,2009-04-19,Willowmoore Park,1,11.2,Afghanistan,Scotland,Mohammad Nabi,Noor Ali Zadran,GD Drummond,2,0,,,,,,,,,
390253,2009,2009-04-19,Willowmoore Park,1,11.3,Afghanistan,Scotland,Mohammad Nabi,Noor Ali Zadran,GD Drummond,0,0,,,,,,,,,
390253,2009,2009-04-19,Willowmoore Park,1,11.4,Afghanistan,Scotland,Mohammad Nabi,Noor Ali Zadran,GD Drummond,0,0,,,,,,,,,
390253,2009,2009-04-19,Willowmoore Park,1,11.5,Afghanistan,Scotland,Mohammad Nabi,Noor Ali Zadran,GD Drummond,2,0,,,,,,,,,
390253,2009,2009-04-19,Willowmoore Park,1,11.6,Afghanistan,Scotland,Mohammad Nabi,Noor Ali Zadran,GD Drummond,4,0,,,,,,,,,
390253,2009,2009-04-19,Willowmoore Park,1,12.1,Afghanistan,Scotland,Noor Ali Zadran,Mohammad Nabi,JH Stander,0,0,,,,,,caught,Noor Ali Zadran,,
390253,2009,2009-04-19,Willowmoore Park,1,12.2,Afghanistan,Scotland,Nawroz Mangal,Mohammad Nabi,JH Stander,0,0,,,,,,,,,
390253,2009,2009-04-19,Willowmoore Park,1,12.3,Afghanistan,Scotland,Nawroz Mangal,Mohammad Nabi,JH Stander,0,0,,,,,,,,,
390253,2009,2009-04-19,Willowmoore Park,1,12.4,Afghanistan,Scotland,Nawroz Mangal,Mohammad Nabi,JH Stander,0,0,,,,,,,,,
390253,2009,2009-04-19,Willowmoore Park,1,12.5,Afghanistan,Scotland,Nawroz Mangal,Mohammad Nabi,JH Stander,0,0,,,,,,,,,
390253,2009,2009-04-19,Willowmoore Park,1,12.6,Afghanistan,Scotland,Nawroz Mangal,Mohammad Nabi,JH Stander,0,0,,,,,,,,,
390253,2009,2009-04-19,Willowmoore Park,1,13.1,Afghanistan,Scotland,Mohammad Nabi,Nawroz Mangal,JAR Blain,0,0,,,,,,,,,
390253,2009,2009-04-19,Willowmoore Park,1,13.2,Afghanistan,Scotland,Mohammad Nabi,Nawroz Mangal,JAR Blain,1,0,,,,,,,,,
390253,2009,2009-04-19,Willowmoore Park,1,13.3,Afghanistan,Scotland,Nawroz Mangal,Mohammad Nabi,JAR Blain,2,0,,,,,,,,,
390253,2009,2009-04-19,Willowmoore Park,1,13.4,Afghanistan,Scotland,Nawroz Mangal,Mohammad Nabi,JAR Blain,0,0,,,,,,,,,
390253,2009,2009-04-19,Willowmoore Park,1,13.5,Afghanistan,Scotland,Nawroz Mangal,Mohammad Nabi,JAR Blain,0,0,,,,,,,,,
390253,2009,2009-04-19,Willowmoore Park,1,13.6,Afghanistan,Scotland,Nawroz Mangal,Mohammad Nabi,JAR Blain,1,0,,,,,,,,,
390253,2009,2009-04-19,Willowmoore Park,1,14.1,Afghanistan,Scotland,Nawroz Mangal,Mohammad Nabi,JH Stander,4,0,,,,,,,,,
390253,2009,2009-04-19,Willowmoore Park,1,14.2,Afghanistan,Scotland,Nawroz Mangal,Mohammad Nabi,JH Stander,0,0,,,,,,,,,
390253,2009,2009-04-19,Willowmoore Park,1,14.3,Afghanistan,Scotland,Nawroz Mangal,Mohammad Nabi,JH Stander,4,0,,,,,,,,,
390253,2009,2009-04-19,Willowmoore Park,1,14.4,Afghanistan,Scotland,Nawroz Mangal,Mohammad Nabi,JH Stander,2,0,,,,,,,,,
390253,2009,2009-04-19,Willowmoore Park,1,14.5,Afghanistan,Scotland,Nawroz Mangal,Mohammad Nabi,JH Stander,0,0,,,,,,,,,
390253,2009,2009-04-19,Willowmoore Park,1,14.6,Afghanistan,Scotland,Nawroz Mangal,Mohammad Nabi,JH Stander,1,0,,,,,,,,,
390253,2009,2009-04-19,Willowmoore Park,1,15.1,Afghanistan,Scotland,Nawroz Mangal,Mohammad Nabi,JAR Blain,1,0,,,,,,,,,
390253,2009,2009-04-19,Willowmoore Park,1,15.2,Afghanistan,Scotland,Nawroz Mangal,Mohammad Nabi,JAR Blain,1,0,,,,,,,,,
390253,2009,2009-04-19,Willowmoore Park,1,15.3,Afghanistan,Scotland,Mohammad Nabi,Nawroz Mangal,JAR Blain,1,0,,,,,,,,,
390253,2009,2009-04-19,Willowmoore Park,1,15.4,Afghanistan,Scotland,Nawroz Mangal,Mohammad Nabi,JAR Blain,1,0,,,,,,,,,
390253,2009,2009-04-19,Willowmoore Park,1,15.5,Afghanistan,Scotland,Mohammad Nabi,Nawroz Mangal,JAR Blain,0,0,,,,,,,,,
390253,2009,2009-04-19,Willowmoore Park,1,15.6,Afghanistan,Scotland,Mohammad Nabi,Nawroz Mangal,JAR Blain,2,0,,,,,,,,,
390253,2009,2009-04-19,Willowmoore Park,1,16.1,Afghanistan,Scotland,Nawroz Mangal,Mohammad Nabi,RM Haq,0,0,,,,,,,,,
390253,2009,2009-04-19,Willowmoore Park,1,16.2,Afghanistan,Scotland,Nawroz Mangal,Mohammad Nabi,RM Haq,0,0,,,,,,,,,
390253,2009,2009-04-19,Willowmoore Park,1,16.3,Afghanistan,Scotland,Nawroz Mangal,Mohammad Nabi,RM Haq,0,0,,,,,,,,,
390253,2009,2009-04-19,Willowmoore Park,1,16.4,Afghanistan,Scotland,Nawroz Mangal,Mohammad Nabi,RM Haq,0,0,,,,,,,,,
390253,2009,2009-04-19,Willowmoore Park,1,16.5,Afghanistan,Scotland,Nawroz Mangal,Mohammad Nabi,RM Haq,0,0,,,,,,,,,
390253,2009,2009-04-19,Willowmoore Park,1,16.6,Afghanistan,Scotland,Nawroz Mangal,Mohammad Nabi,RM Haq,0,0,,,,,,,,,
390253,2009,2009-04-19,Willowmoore Park,1,17.1,Afghanistan,Scotland,Mohammad Nabi,Nawroz Mangal,JAR Blain,0,0,,,,,,,,,
390253,2009,2009-04-19,Willowmoore Park,1,17.2,Afghanistan,Scotland,Mohammad Nabi,Nawroz Mangal,JAR Blain,0,0,,,,,,,,,
390253,2009,2009-04-19,Willowmoore Park,1,17.3,Afghanistan,Scotland,Mohammad Nabi,Nawroz Mangal,JAR Blain,0,0,,,,,,,,,
390253,2009,2009-04-19,Willowmoore Park,1,17.4,Afghanistan,Scotland,Mohammad Nabi,Nawroz Mangal,JAR Blain,1,0,,,,,,,,,
390253,2009,2009-04-19,Willowmoore Park,1,17.5,Afghanistan,Scotland,Nawroz Mangal,Mohammad Nabi,JAR Blain,0,0,,,,,,,,,
390253,2009,2009-04-19,Willowmoore Park,1,17.6,Afghanistan,Scotland,Nawroz Mangal,Mohammad Nabi,JAR Blain,0,0,,,,,,,,,
390253,2009,2009-04-19,Willowmoore Park,1,18.1,Afghanistan,Scotland,Mohammad Nabi,Nawroz Mangal,RM Haq,6,0,,,,,,,,,
390253,2009,2009-04-19,Willowmoore Park,1,18.2,Afghanistan,Scotland,Mohammad Nabi,Nawroz Mangal,RM Haq,1,0,,,,,,,,,
390253,2009,2009-04-19,Willowmoore Park,1,18.3,Afghanistan,Scotland,Nawroz Mangal,Mohammad Nabi,RM Haq,0,0,,,,,,,,,
390253,2009,2009-04-19,Willowmoore Park,1,18.4,Afghanistan,Scotland,Nawroz Mangal,Mohammad Nabi,RM Haq,1,0,,,,,,,,,
390253,2009,2009-04-19,Willowmoore Park,1,18.5,Afghanistan,Scotland,Mohammad Nabi,Nawroz Mangal,RM Haq,0,0,,,,,,,,,
390253,2009,2009-04-19,Willowmoore Park,1,18.6,Afghanistan,Scotland,Mohammad Nabi,Nawroz Mangal,RM Haq,0,0,,,,,,,,,
390253,2009,2009-04-19,Willowmoore Park,1,19.1,Afghanistan,Scotland,Nawroz Mangal,Mohammad Nabi,GD Drummond,0,0,,,,,,,,,
390253,2009,2009-04-19,Willowmoore Park,1,19.2,Afghanistan,Scotland,Nawroz Mangal,Mohammad Nabi,GD Drummond,4,0,,,,,,,,,
390253,2009,2009-04-19,Willowmoore Park,1,19.3,Afghanistan,Scotland,Nawroz Mangal,Mohammad Nabi,GD Drummond,1,0,,,,,,,,,
390253,2009,2009-04-19,Willowmoore Park,1,19.4,Afghanistan,Scotland,Mohammad Nabi,Nawroz Mangal,GD Drummond,0,0,,,,,,,,,
390253,2009,2009-04-19,Willowmoore Park,1,19.5,Afghanistan,Scotland,Mohammad Nabi,Nawroz Mangal,GD Drummond,4,0,,,,,,,,,
390253,2009,2009-04-19,Willowmoore Park,1,19.6,Afghanistan,Scotland,Mohammad Nabi,Nawroz Mangal,GD Drummond,2,0,,,,,,,,,
390253,2009,2009-04-19,Willowmoore Park,1,20.1,Afghanistan,Scotland,Nawroz Mangal,Mohammad Nabi,RM Haq,1,0,,,,,,,,,
390253,2009,2009-04-19,Willowmoore Park,1,20.2,Afghanistan,Scotland,Mohammad Nabi,Nawroz Mangal,RM Haq,1,0,,,,,,,,,
390253,2009,2009-04-19,Willowmoore Park,1,20.3,Afghanistan,Scotland,Nawroz Mangal,Mohammad Nabi,RM Haq,2,0,,,,,,,,,
390253,2009,2009-04-19,Willowmoore Park,1,20.4,Afghanistan,Scotland,Nawroz Mangal,Mohammad Nabi,RM Haq,0,0,,,,,,,,,
390253,2009,2009-04-19,Willowmoore Park,1,20.5,Afghanistan,Scotland,Nawroz Mangal,Mohammad Nabi,RM Haq,1,0,,,,,,,,,
390253,2009,2009-04-19,Willowmoore Park,1,20.6,Afghanistan,Scotland,Mohammad Nabi,Nawroz Mangal,RM Haq,0,0,,,,,,,,,
390253,2009,2009-04-19,Willowmoore Park,1,21.1,Afghanistan,Scotland,Nawroz Mangal,Mohammad Nabi,GD Drummond,0,0,,,,,,,,,
390253,2009,2009-04-19,Willowmoore Park,1,21.2,Afghanistan,Scotland,Nawroz Mangal,Mohammad Nabi,GD Drummond,0,0,,,,,,,,,
390253,2009,2009-04-19,Willowmoore Park,1,21.3,Afghanistan,Scotland,Nawroz Mangal,Mohammad Nabi,GD Drummond,0,0,,,,,,,,,
390253,2009,2009-04-19,Willowmoore Park,1,21.4,Afghanistan,Scotland,Nawroz Mangal,Mohammad Nabi,GD Drummond,0,0,,,,,,,,,
390253,2009,2009-04-19,Willowmoore Park,1,21.5,Afghanistan,Scotland,Nawroz Mangal,Mohammad Nabi,GD Drummond,0,0,,,,,,,,,
390253,2009,2009-04-19,Willowmoore Park,1,21.6,Afghanistan,Scotland,Nawroz Mangal,Mohammad Nabi,GD Drummond,1,0,,,,,,,,,
390253,2009,2009-04-19,Willowmoore Park,1,22.1,Afghanistan,Scotland,Nawroz Mangal,Mohammad Nabi,RM Haq,1,0,,,,,,,,,
390253,2009,2009-04-19,Willowmoore Park,1,22.2,Afghanistan,Scotland,Mohammad Nabi,Nawroz Mangal,RM Haq,0,1,1,,,,,,,,
390253,2009,2009-04-19,Willowmoore Park,1,22.3,Afghanistan,Scotland,Mohammad Nabi,Nawroz Mangal,RM Haq,1,0,,,,,,,,,
390253,2009,2009-04-19,Willowmoore Park,1,22.4,Afghanistan,Scotland,Nawroz Mangal,Mohammad Nabi,RM Haq,2,0,,,,,,,,,
390253,2009,2009-04-19,Willowmoore Park,1,22.5,Afghanistan,Scotland,Nawroz Mangal,Mohammad Nabi,RM Haq,0,0,,,,,,,,,
390253,2009,2009-04-19,Willowmoore Park,1,22.6,Afghanistan,Scotland,Nawroz Mangal,Mohammad Nabi,RM Haq,1,0,,,,,,,,,
390253,2009,2009-04-19,Willowmoore Park,1,22.7,Afghanistan,Scotland,Mohammad Nabi,Nawroz Mangal,RM Haq,0,0,,,,,,,,,
390253,2009,2009-04-19,Willowmoore Park,1,23.1,Afghanistan,Scotland,Nawroz Mangal,Mohammad Nabi,GD Drummond,0,0,,,,,,,,,
390253,2009,2009-04-19,Willowmoore Park,1,23.2,Afghanistan,Scotland,Nawroz Mangal,Mohammad Nabi,GD Drummond,0,0,,,,,,run out,Nawroz Mangal,,
390253,2009,2009-04-19,Willowmoore Park,1,23.3,Afghanistan,Scotland,Asghar Stanikzai,Mohammad Nabi,GD Drummond,0,0,,,,,,,,,
390253,2009,2009-04-19,Willowmoore Park,1,23.4,Afghanistan,Scotland,Asghar Stanikzai,Mohammad Nabi,GD Drummond,0,0,,,,,,,,,
390253,2009,2009-04-19,Willowmoore Park,1,23.5,Afghanistan,Scotland,Asghar Stanikzai,Mohammad Nabi,GD Drummond,0,0,,,,,,,,,
390253,2009,2009-04-19,Willowmoore Park,1,23.6,Afghanistan,Scotland,Asghar Stanikzai,Mohammad Nabi,GD Drummond,0,0,,,,,,,,,
390253,2009,2009-04-19,Willowmoore Park,1,24.1,Afghanistan,Scotland,Mohammad Nabi,Asghar Stanikzai,RM Haq,6,0,,,,,,,,,
390253,2009,2009-04-19,Willowmoore Park,1,24.2,Afghanistan,Scotland,Mohammad Nabi,Asghar Stanikzai,RM Haq,1,0,,,,,,,,,
390253,2009,2009-04-19,Willowmoore Park,1,24.3,Afghanistan,Scotland,Asghar Stanikzai,Mohammad Nabi,RM Haq,0,0,,,,,,,,,
390253,2009,2009-04-19,Willowmoore Park,1,24.4,Afghanistan,Scotland,Asghar Stanikzai,Mohammad Nabi,RM Haq,0,0,,,,,,,,,
390253,2009,2009-04-19,Willowmoore Park,1,24.5,Afghanistan,Scotland,Asghar Stanikzai,Mohammad Nabi,RM Haq,1,0,,,,,,,,,
390253,2009,2009-04-19,Willowmoore Park,1,24.6,Afghanistan,Scotland,Mohammad Nabi,Asghar Stanikzai,RM Haq,1,0,,,,,,,,,
390253,2009,2009-04-19,Willowmoore Park,1,25.1,Afghanistan,Scotland,Mohammad Nabi,Asghar Stanikzai,GD Drummond,0,0,,,,,,,,,
390253,2009,2009-04-19,Willowmoore Park,1,25.2,Afghanistan,Scotland,Mohammad Nabi,Asghar Stanikzai,GD Drummond,0,0,,,,,,,,,
390253,2009,2009-04-19,Willowmoore Park,1,25.3,Afghanistan,Scotland,Mohammad Nabi,Asghar Stanikzai,GD Drummond,2,0,,,,,,,,,
390253,2009,2009-04-19,Willowmoore Park,1,25.4,Afghanistan,Scotland,Mohammad Nabi,Asghar Stanikzai,GD Drummond,0,0,,,,,,,,,
390253,2009,2009-04-19,Willowmoore Park,1,25.5,Afghanistan,Scotland,Mohammad Nabi,Asghar Stanikzai,GD Drummond,0,0,,,,,,,,,
390253,2009,2009-04-19,Willowmoore Park,1,25.6,Afghanistan,Scotland,Mohammad Nabi,Asghar Stanikzai,GD Drummond,0,0,,,,,,,,,
390253,2009,2009-04-19,Willowmoore Park,1,26.1,Afghanistan,Scotland,Asghar Stanikzai,Mohammad Nabi,MM Iqbal,1,0,,,,,,,,,
390253,2009,2009-04-19,Willowmoore Park,1,26.2,Afghanistan,Scotland,Mohammad Nabi,Asghar Stanikzai,MM Iqbal,1,0,,,,,,,,,
390253,2009,2009-04-19,Willowmoore Park,1,26.3,Afghanistan,Scotland,Asghar Stanikzai,Mohammad Nabi,MM Iqbal,1,0,,,,,,,,,
390253,2009,2009-04-19,Willowmoore Park,1,26.4,Afghanistan,Scotland,Mohammad Nabi,Asghar Stanikzai,MM Iqbal,1,0,,,,,,,,,
390253,2009,2009-04-19,Willowmoore Park,1,26.5,Afghanistan,Scotland,Asghar Stanikzai,Mohammad Nabi,MM Iqbal,1,0,,,,,,,,,
390253,2009,2009-04-19,Willowmoore Park,1,26.6,Afghanistan,Scotland,Mohammad Nabi,Asghar Stanikzai,MM Iqbal,0,0,,,,,,,,,
390253,2009,2009-04-19,Willowmoore Park,1,27.1,Afghanistan,Scotland,Asghar Stanikzai,Mohammad Nabi,GD Drummond,1,0,,,,,,,,,
390253,2009,2009-04-19,Willowmoore Park,1,27.2,Afghanistan,Scotland,Mohammad Nabi,Asghar Stanikzai,GD Drummond,1,0,,,,,,,,,
390253,2009,2009-04-19,Willowmoore Park,1,27.3,Afghanistan,Scotland,Asghar Stanikzai,Mohammad Nabi,GD Drummond,0,1,1,,,,,,,,
390253,2009,2009-04-19,Willowmoore Park,1,27.4,Afghanistan,Scotland,Asghar Stanikzai,Mohammad Nabi,GD Drummond,0,0,,,,,,,,,
390253,2009,2009-04-19,Willowmoore Park,1,27.5,Afghanistan,Scotland,Asghar Stanikzai,Mohammad Nabi,GD Drummond,0,0,,,,,,,,,
390253,2009,2009-04-19,Willowmoore Park,1,27.6,Afghanistan,Scotland,Asghar Stanikzai,Mohammad Nabi,GD Drummond,0,0,,,,,,,,,
390253,2009,2009-04-19,Willowmoore Park,1,27.7,Afghanistan,Scotland,Asghar Stanikzai,Mohammad Nabi,GD Drummond,1,0,,,,,,,,,
390253,2009,2009-04-19,Willowmoore Park,1,28.1,Afghanistan,Scotland,Asghar Stanikzai,Mohammad Nabi,MM Iqbal,0,0,,,,,,,,,
390253,2009,2009-04-19,Willowmoore Park,1,28.2,Afghanistan,Scotland,Asghar Stanikzai,Mohammad Nabi,MM Iqbal,0,0,,,,,,,,,
390253,2009,2009-04-19,Willowmoore Park,1,28.3,Afghanistan,Scotland,Asghar Stanikzai,Mohammad Nabi,MM Iqbal,1,0,,,,,,,,,
390253,2009,2009-04-19,Willowmoore Park,1,28.4,Afghanistan,Scotland,Mohammad Nabi,Asghar Stanikzai,MM Iqbal,0,5,5,,,,,,,,
390253,2009,2009-04-19,Willowmoore Park,1,28.5,Afghanistan,Scotland,Mohammad Nabi,Asghar Stanikzai,MM Iqbal,0,2,,,,2,,,,,
390253,2009,2009-04-19,Willowmoore Park,1,28.6,Afghanistan,Scotland,Mohammad Nabi,Asghar Stanikzai,MM Iqbal,0,0,,,,,,,,,
390253,2009,2009-04-19,Willowmoore Park,1,28.7,Afghanistan,Scotland,Mohammad Nabi,Asghar Stanikzai,MM Iqbal,1,0,,,,,,,,,
390253,2009,2009-04-19,Willowmoore Park,1,29.1,Afghanistan,Scotland,Mohammad Nabi,Asghar Stanikzai,GD Drummond,1,0,,,,,,,,,
390253,2009,2009-04-19,Willowmoore Park,1,29.2,Afghanistan,Scotland,Asghar Stanikzai,Mohammad Nabi,GD Drummond,0,0,,,,,,,,,
390253,2009,2009-04-19,Willowmoore Park,1,29.3,Afghanistan,Scotland,Asghar Stanikzai,Mohammad Nabi,GD Drummond,0,0,,,,,,,,,
390253,2009,2009-04-19,Willowmoore Park,1,29.4,Afghanistan,Scotland,Asghar Stanikzai,Mohammad Nabi,GD Drummond,0,0,,,,,,,,,
390253,2009,2009-04-19,Willowmoore Park,1,29.5,Afghanistan,Scotland,Asghar Stanikzai,Mohammad Nabi,GD Drummond,1,0,,,,,,,,,
390253,2009,2009-04-19,Willowmoore Park,1,29.6,Afghanistan,Scotland,Mohammad Nabi,Asghar Stanikzai,GD Drummond,0,0,,,,,,,,,
390253,2009,2009-04-19,Willowmoore Park,1,30.1,Afghanistan,Scotland,Asghar Stanikzai,Mohammad Nabi,MM Iqbal,1,0,,,,,,,,,
390253,2009,2009-04-19,Willowmoore Park,1,30.2,Afghanistan,Scotland,Mohammad Nabi,Asghar Stanikzai,MM Iqbal,2,0,,,,,,,,,
390253,2009,2009-04-19,Willowmoore Park,1,30.3,Afghanistan,Scotland,Mohammad Nabi,Asghar Stanikzai,MM Iqbal,6,0,,,,,,,,,
390253,2009,2009-04-19,Willowmoore Park,1,30.4,Afghanistan,Scotland,Mohammad Nabi,Asghar Stanikzai,MM Iqbal,0,0,,,,,,caught,Mohammad Nabi,,
390253,2009,2009-04-19,Willowmoore Park,1,30.5,Afghanistan,Scotland,Asghar Stanikzai,Raees Ahmadzai,MM Iqbal,0,0,,,,,,,,,
390253,2009,2009-04-19,Willowmoore Park,1,30.6,Afghanistan,Scotland,Asghar Stanikzai,Raees Ahmadzai,MM Iqbal,0,0,,,,,,lbw,Asghar Stanikzai,,
390253,2009,2009-04-19,Willowmoore Park,1,31.1,Afghanistan,Scotland,Raees Ahmadzai,Samiullah Shenwari,GD Drummond,0,0,,,,,,,,,
390253,2009,2009-04-19,Willowmoore Park,1,31.2,Afghanistan,Scotland,Raees Ahmadzai,Samiullah Shenwari,GD Drummond,1,0,,,,,,,,,
390253,2009,2009-04-19,Willowmoore Park,1,31.3,Afghanistan,Scotland,Samiullah Shenwari,Raees Ahmadzai,GD Drummond,0,0,,,,,,,,,
390253,2009,2009-04-19,Willowmoore Park,1,31.4,Afghanistan,Scotland,Samiullah Shenwari,Raees Ahmadzai,GD Drummond,1,0,,,,,,,,,
390253,2009,2009-04-19,Willowmoore Park,1,31.5,Afghanistan,Scotland,Raees Ahmadzai,Samiullah Shenwari,GD Drummond,0,0,,,,,,,,,
390253,2009,2009-04-19,Willowmoore Park,1,31.6,Afghanistan,Scotland,Raees Ahmadzai,Samiullah Shenwari,GD Drummond,0,0,,,,,,,,,
390253,2009,2009-04-19,Willowmoore Park,1,32.1,Afghanistan,Scotland,Samiullah Shenwari,Raees Ahmadzai,MM Iqbal,0,0,,,,,,,,,
390253,2009,2009-04-19,Willowmoore Park,1,32.2,Afghanistan,Scotland,Samiullah Shenwari,Raees Ahmadzai,MM Iqbal,0,0,,,,,,,,,
390253,2009,2009-04-19,Willowmoore Park,1,32.3,Afghanistan,Scotland,Samiullah Shenwari,Raees Ahmadzai,MM Iqbal,0,0,,,,,,,,,
390253,2009,2009-04-19,Willowmoore Park,1,32.4,Afghanistan,Scotland,Samiullah Shenwari,Raees Ahmadzai,MM Iqbal,1,0,,,,,,,,,
390253,2009,2009-04-19,Willowmoore Park,1,32.5,Afghanistan,Scotland,Raees Ahmadzai,Samiullah Shenwari,MM Iqbal,0,0,,,,,,,,,
390253,2009,2009-04-19,Willowmoore Park,1,32.6,Afghanistan,Scotland,Raees Ahmadzai,Samiullah Shenwari,MM Iqbal,0,0,,,,,,,,,
390253,2009,2009-04-19,Willowmoore Park,1,33.1,Afghanistan,Scotland,Samiullah Shenwari,Raees Ahmadzai,RM Haq,0,0,,,,,,,,,
390253,2009,2009-04-19,Willowmoore Park,1,33.2,Afghanistan,Scotland,Samiullah Shenwari,Raees Ahmadzai,RM Haq,0,0,,,,,,,,,
390253,2009,2009-04-19,Willowmoore Park,1,33.3,Afghanistan,Scotland,Samiullah Shenwari,Raees Ahmadzai,RM Haq,1,0,,,,,,,,,
390253,2009,2009-04-19,Willowmoore Park,1,33.4,Afghanistan,Scotland,Raees Ahmadzai,Samiullah Shenwari,RM Haq,1,0,,,,,,,,,
390253,2009,2009-04-19,Willowmoore Park,1,33.5,Afghanistan,Scotland,Samiullah Shenwari,Raees Ahmadzai,RM Haq,0,0,,,,,,,,,
390253,2009,2009-04-19,Willowmoore Park,1,33.6,Afghanistan,Scotland,Samiullah Shenwari,Raees Ahmadzai,RM Haq,1,0,,,,,,,,,
390253,2009,2009-04-19,Willowmoore Park,1,34.1,Afghanistan,Scotland,Samiullah Shenwari,Raees Ahmadzai,MM Iqbal,0,0,,,,,,,,,
390253,2009,2009-04-19,Willowmoore Park,1,34.2,Afghanistan,Scotland,Samiullah Shenwari,Raees Ahmadzai,MM Iqbal,0,0,,,,,,,,,
390253,2009,2009-04-19,Willowmoore Park,1,34.3,Afghanistan,Scotland,Samiullah Shenwari,Raees Ahmadzai,MM Iqbal,0,0,,,,,,,,,
390253,2009,2009-04-19,Willowmoore Park,1,34.4,Afghanistan,Scotland,Samiullah Shenwari,Raees Ahmadzai,MM Iqbal,0,0,,,,,,,,,
390253,2009,2009-04-19,Willowmoore Park,1,34.5,Afghanistan,Scotland,Samiullah Shenwari,Raees Ahmadzai,MM Iqbal,0,0,,,,,,,,,
390253,2009,2009-04-19,Willowmoore Park,1,34.6,Afghanistan,Scotland,Samiullah Shenwari,Raees Ahmadzai,MM Iqbal,4,0,,,,,,,,,
390253,2009,2009-04-19,Willowmoore Park,1,35.1,Afghanistan,Scotland,Raees Ahmadzai,Samiullah Shenwari,RM Haq,0,1,1,,,,,,,,
390253,2009,2009-04-19,Willowmoore Park,1,35.2,Afghanistan,Scotland,Raees Ahmadzai,Samiullah Shenwari,RM Haq,0,0,,,,,,,,,
390253,2009,2009-04-19,Willowmoore Park,1,35.3,Afghanistan,Scotland,Raees Ahmadzai,Samiullah Shenwari,RM Haq,0,0,,,,,,,,,
390253,2009,2009-04-19,Willowmoore Park,1,35.4,Afghanistan,Scotland,Raees Ahmadzai,Samiullah Shenwari,RM Haq,0,0,,,,,,,,,
390253,2009,2009-04-19,Willowmoore Park,1,35.5,Afghanistan,Scotland,Raees Ahmadzai,Samiullah Shenwari,RM Haq,0,0,,,,,,,,,
390253,2009,2009-04-19,Willowmoore Park,1,35.6,Afghanistan,Scotland,Raees Ahmadzai,Samiullah Shenwari,RM Haq,0,0,,,,,,,,,
390253,2009,2009-04-19,Willowmoore Park,1,35.7,Afghanistan,Scotland,Raees Ahmadzai,Samiullah Shenwari,RM Haq,0,0,,,,,,,,,
390253,2009,2009-04-19,Willowmoore Park,1,36.1,Afghanistan,Scotland,Samiullah Shenwari,Raees Ahmadzai,MM Iqbal,0,0,,,,,,,,,
390253,2009,2009-04-19,Willowmoore Park,1,36.2,Afghanistan,Scotland,Samiullah Shenwari,Raees Ahmadzai,MM Iqbal,0,0,,,,,,,,,
390253,2009,2009-04-19,Willowmoore Park,1,36.3,Afghanistan,Scotland,Samiullah Shenwari,Raees Ahmadzai,MM Iqbal,1,0,,,,,,,,,
390253,2009,2009-04-19,Willowmoore Park,1,36.4,Afghanistan,Scotland,Raees Ahmadzai,Samiullah Shenwari,MM Iqbal,1,0,,,,,,,,,
390253,2009,2009-04-19,Willowmoore Park,1,36.5,Afghanistan,Scotland,Samiullah Shenwari,Raees Ahmadzai,MM Iqbal,0,0,,,,,,,,,
390253,2009,2009-04-19,Willowmoore Park,1,36.6,Afghanistan,Scotland,Samiullah Shenwari,Raees Ahmadzai,MM Iqbal,1,0,,,,,,,,,
390253,2009,2009-04-19,Willowmoore Park,1,37.1,Afghanistan,Scotland,Samiullah Shenwari,Raees Ahmadzai,RM Haq,0,0,,,,,,,,,
390253,2009,2009-04-19,Willowmoore Park,1,37.2,Afghanistan,Scotland,Samiullah Shenwari,Raees Ahmadzai,RM Haq,1,0,,,,,,,,,
390253,2009,2009-04-19,Willowmoore Park,1,37.3,Afghanistan,Scotland,Raees Ahmadzai,Samiullah Shenwari,RM Haq,1,0,,,,,,,,,
390253,2009,2009-04-19,Willowmoore Park,1,37.4,Afghanistan,Scotland,Samiullah Shenwari,Raees Ahmadzai,RM Haq,2,0,,,,,,,,,
390253,2009,2009-04-19,Willowmoore Park,1,37.5,Afghanistan,Scotland,Samiullah Shenwari,Raees Ahmadzai,RM Haq,1,0,,,,,,,,,
390253,2009,2009-04-19,Willowmoore Park,1,37.6,Afghanistan,Scotland,Raees Ahmadzai,Samiullah Shenwari,RM Haq,1,0,,,,,,,,,
390253,2009,2009-04-19,Willowmoore Park,1,38.1,Afghanistan,Scotland,Raees Ahmadzai,Samiullah Shenwari,MM Iqbal,0,0,,,,,,,,,
390253,2009,2009-04-19,Willowmoore Park,1,38.2,Afghanistan,Scotland,Raees Ahmadzai,Samiullah Shenwari,MM Iqbal,0,0,,,,,,,,,
390253,2009,2009-04-19,Willowmoore Park,1,38.3,Afghanistan,Scotland,Raees Ahmadzai,Samiullah Shenwari,MM Iqbal,0,0,,,,,,,,,
390253,2009,2009-04-19,Willowmoore Park,1,38.4,Afghanistan,Scotland,Raees Ahmadzai,Samiullah Shenwari,MM Iqbal,1,0,,,,,,,,,
390253,2009,2009-04-19,Willowmoore Park,1,38.5,Afghanistan,Scotland,Samiullah Shenwari,Raees Ahmadzai,MM Iqbal,1,0,,,,,,,,,
390253,2009,2009-04-19,Willowmoore Park,1,38.6,Afghanistan,Scotland,Raees Ahmadzai,Samiullah Shenwari,MM Iqbal,0,0,,,,,,,,,
390253,2009,2009-04-19,Willowmoore Park,1,39.1,Afghanistan,Scotland,Samiullah Shenwari,Raees Ahmadzai,RM Haq,4,0,,,,,,,,,
390253,2009,2009-04-19,Willowmoore Park,1,39.2,Afghanistan,Scotland,Samiullah Shenwari,Raees Ahmadzai,RM Haq,1,0,,,,,,,,,
390253,2009,2009-04-19,Willowmoore Park,1,39.3,Afghanistan,Scotland,Raees Ahmadzai,Samiullah Shenwari,RM Haq,0,1,,,,1,,,,,
390253,2009,2009-04-19,Willowmoore Park,1,39.4,Afghanistan,Scotland,Samiullah Shenwari,Raees Ahmadzai,RM Haq,2,0,,,,,,,,,
390253,2009,2009-04-19,Willowmoore Park,1,39.5,Afghanistan,Scotland,Samiullah Shenwari,Raees Ahmadzai,RM Haq,1,0,,,,,,,,,
390253,2009,2009-04-19,Willowmoore Park,1,39.6,Afghanistan,Scotland,Raees Ahmadzai,Samiullah Shenwari,RM Haq,0,0,,,,,,,,,
390253,2009,2009-04-19,Willowmoore Park,1,40.1,Afghanistan,Scotland,Samiullah Shenwari,Raees Ahmadzai,MM Iqbal,0,0,,,,,,,,,
390253,2009,2009-04-19,Willowmoore Park,1,40.2,Afghanistan,Scotland,Samiullah Shenwari,Raees Ahmadzai,MM Iqbal,0,0,,,,,,,,,
390253,2009,2009-04-19,Willowmoore Park,1,40.3,Afghanistan,Scotland,Samiullah Shenwari,Raees Ahmadzai,MM Iqbal,0,0,,,,,,,,,
390253,2009,2009-04-19,Willowmoore Park,1,40.4,Afghanistan,Scotland,Samiullah Shenwari,Raees Ahmadzai,MM Iqbal,4,0,,,,,,,,,
390253,2009,2009-04-19,Willowmoore Park,1,40.5,Afghanistan,Scotland,Samiullah Shenwari,Raees Ahmadzai,MM Iqbal,1,0,,,,,,,,,
390253,2009,2009-04-19,Willowmoore Park,1,40.6,Afghanistan,Scotland,Raees Ahmadzai,Samiullah Shenwari,MM Iqbal,1,0,,,,,,,,,
390253,2009,2009-04-19,Willowmoore Park,1,41.1,Afghanistan,Scotland,Raees Ahmadzai,Samiullah Shenwari,GD Drummond,0,0,,,,,,,,,
390253,2009,2009-04-19,Willowmoore Park,1,41.2,Afghanistan,Scotland,Raees Ahmadzai,Samiullah Shenwari,GD Drummond,0,0,,,,,,,,,
390253,2009,2009-04-19,Willowmoore Park,1,41.3,Afghanistan,Scotland,Raees Ahmadzai,Samiullah Shenwari,GD Drummond,4,0,,,,,,,,,
390253,2009,2009-04-19,Willowmoore Park,1,41.4,Afghanistan,Scotland,Raees Ahmadzai,Samiullah Shenwari,GD Drummond,4,0,,,,,,,,,
390253,2009,2009-04-19,Willowmoore Park,1,41.5,Afghanistan,Scotland,Raees Ahmadzai,Samiullah Shenwari,GD Drummond,0,0,,,,,,,,,
390253,2009,2009-04-19,Willowmoore Park,1,41.6,Afghanistan,Scotland,Raees Ahmadzai,Samiullah Shenwari,GD Drummond,2,0,,,,,,,,,
390253,2009,2009-04-19,Willowmoore Park,1,42.1,Afghanistan,Scotland,Samiullah Shenwari,Raees Ahmadzai,MM Iqbal,1,0,,,,,,,,,
390253,2009,2009-04-19,Willowmoore Park,1,42.2,Afghanistan,Scotland,Raees Ahmadzai,Samiullah Shenwari,MM Iqbal,1,0,,,,,,,,,
390253,2009,2009-04-19,Willowmoore Park,1,42.3,Afghanistan,Scotland,Samiullah Shenwari,Raees Ahmadzai,MM Iqbal,0,0,,,,,,,,,
390253,2009,2009-04-19,Willowmoore Park,1,42.4,Afghanistan,Scotland,Samiullah Shenwari,Raees Ahmadzai,MM Iqbal,2,0,,,,,,,,,
390253,2009,2009-04-19,Willowmoore Park,1,42.5,Afghanistan,Scotland,Samiullah Shenwari,Raees Ahmadzai,MM Iqbal,4,0,,,,,,,,,
390253,2009,2009-04-19,Willowmoore Park,1,42.6,Afghanistan,Scotland,Samiullah Shenwari,Raees Ahmadzai,MM Iqbal,1,0,,,,,,,,,
390253,2009,2009-04-19,Willowmoore Park,1,43.1,Afghanistan,Scotland,Samiullah Shenwari,Raees Ahmadzai,GD Drummond,0,0,,,,,,,,,
390253,2009,2009-04-19,Willowmoore Park,1,43.2,Afghanistan,Scotland,Samiullah Shenwari,Raees Ahmadzai,GD Drummond,1,0,,,,,,,,,
390253,2009,2009-04-19,Willowmoore Park,1,43.3,Afghanistan,Scotland,Raees Ahmadzai,Samiullah Shenwari,GD Drummond,2,0,,,,,,,,,
390253,2009,2009-04-19,Willowmoore Park,1,43.4,Afghanistan,Scotland,Raees Ahmadzai,Samiullah Shenwari,GD Drummond,1,0,,,,,,,,,
390253,2009,2009-04-19,Willowmoore Park,1,43.5,Afghanistan,Scotland,Samiullah Shenwari,Raees Ahmadzai,GD Drummond,1,0,,,,,,,,,
390253,2009,2009-04-19,Willowmoore Park,1,43.6,Afghanistan,Scotland,Raees Ahmadzai,Samiullah Shenwari,GD Drummond,2,0,,,,,,,,,
390253,2009,2009-04-19,Willowmoore Park,1,44.1,Afghanistan,Scotland,Samiullah Shenwari,Raees Ahmadzai,JAR Blain,0,0,,,,,,,,,
390253,2009,2009-04-19,Willowmoore Park,1,44.2,Afghanistan,Scotland,Samiullah Shenwari,Raees Ahmadzai,JAR Blain,1,0,,,,,,,,,
390253,2009,2009-04-19,Willowmoore Park,1,44.3,Afghanistan,Scotland,Raees Ahmadzai,Samiullah Shenwari,JAR Blain,4,0,,,,,,,,,
390253,2009,2009-04-19,Willowmoore Park,1,44.4,Afghanistan,Scotland,Raees Ahmadzai,Samiullah Shenwari,JAR Blain,4,0,,,,,,,,,
390253,2009,2009-04-19,Willowmoore Park,1,44.5,Afghanistan,Scotland,Raees Ahmadzai,Samiullah Shenwari,JAR Blain,1,0,,,,,,,,,
390253,2009,2009-04-19,Willowmoore Park,1,44.6,Afghanistan,Scotland,Samiullah Shenwari,Raees Ahmadzai,JAR Blain,0,0,,,,,,,,,
390253,2009,2009-04-19,Willowmoore Park,1,45.1,Afghanistan,Scotland,Raees Ahmadzai,Samiullah Shenwari,CS MacLeod,1,0,,,,,,,,,
390253,2009,2009-04-19,Willowmoore Park,1,45.2,Afghanistan,Scotland,Samiullah Shenwari,Raees Ahmadzai,CS MacLeod,1,0,,,,,,,,,
390253,2009,2009-04-19,Willowmoore Park,1,45.3,Afghanistan,Scotland,Raees Ahmadzai,Samiullah Shenwari,CS MacLeod,4,0,,,,,,,,,
390253,2009,2009-04-19,Willowmoore Park,1,45.4,Afghanistan,Scotland,Raees Ahmadzai,Samiullah Shenwari,CS MacLeod,1,0,,,,,,,,,
390253,2009,2009-04-19,Willowmoore Park,1,45.5,Afghanistan,Scotland,Samiullah Shenwari,Raees Ahmadzai,CS MacLeod,0,0,,,,,,,,,
390253,2009,2009-04-19,Willowmoore Park,1,45.6,Afghanistan,Scotland,Samiullah Shenwari,Raees Ahmadzai,CS MacLeod,4,0,,,,,,,,,
390253,2009,2009-04-19,Willowmoore Park,1,46.1,Afghanistan,Scotland,Raees Ahmadzai,Samiullah Shenwari,JAR Blain,0,0,,,,,,,,,
390253,2009,2009-04-19,Willowmoore Park,1,46.2,Afghanistan,Scotland,Raees Ahmadzai,Samiullah Shenwari,JAR Blain,1,0,,,,,,,,,
390253,2009,2009-04-19,Willowmoore Park,1,46.3,Afghanistan,Scotland,Samiullah Shenwari,Raees Ahmadzai,JAR Blain,1,0,,,,,,,,,
390253,2009,2009-04-19,Willowmoore Park,1,46.4,Afghanistan,Scotland,Raees Ahmadzai,Samiullah Shenwari,JAR Blain,0,0,,,,,,caught and bowled,Raees Ahmadzai,,
390253,2009,2009-04-19,Willowmoore Park,1,46.5,Afghanistan,Scotland,Hasti Gul,Samiullah Shenwari,JAR Blain,0,0,,,,,,,,,
390253,2009,2009-04-19,Willowmoore Park,1,46.6,Afghanistan,Scotland,Hasti Gul,Samiullah Shenwari,JAR Blain,4,0,,,,,,,,,
390253,2009,2009-04-19,Willowmoore Park,1,47.1,Afghanistan,Scotland,Samiullah Shenwari,Hasti Gul,CS MacLeod,0,1,1,,,,,,,,
390253,2009,2009-04-19,Willowmoore Park,1,47.2,Afghanistan,Scotland,Samiullah Shenwari,Hasti Gul,CS MacLeod,0,1,,,1,,,,,,
390253,2009,2009-04-19,Willowmoore Park,1,47.3,Afghanistan,Scotland,Hasti Gul,Samiullah Shenwari,CS MacLeod,1,0,,,,,,,,,
390253,2009,2009-04-19,Willowmoore Park,1,47.4,Afghanistan,Scotland,Samiullah Shenwari,Hasti Gul,CS MacLeod,0,0,,,,,,,,,
390253,2009,2009-04-19,Willowmoore Park,1,47.5,Afghanistan,Scotland,Samiullah Shenwari,Hasti Gul,CS MacLeod,4,0,,,,,,,,,
390253,2009,2009-04-19,Willowmoore Park,1,47.6,Afghanistan,Scotland,Samiullah Shenwari,Hasti Gul,CS MacLeod,1,0,,,,,,,,,
390253,2009,2009-04-19,Willowmoore Park,1,47.7,Afghanistan,Scotland,Hasti Gul,Samiullah Shenwari,CS MacLeod,1,0,,,,,,,,,
390253,2009,2009-04-19,Willowmoore Park,1,48.1,Afghanistan,Scotland,Hasti Gul,Samiullah Shenwari,JAR Blain,1,0,,,,,,,,,
390253,2009,2009-04-19,Willowmoore Park,1,48.2,Afghanistan,Scotland,Samiullah Shenwari,Hasti Gul,JAR Blain,2,0,,,,,,,,,
390253,2009,2009-04-19,Willowmoore Park,1,48.3,Afghanistan,Scotland,Samiullah Shenwari,Hasti Gul,JAR Blain,0,0,,,,,,caught,Samiullah Shenwari,,
390253,2009,2009-04-19,Willowmoore Park,1,48.4,Afghanistan,Scotland,Hasti Gul,Khaliq Dad,JAR Blain,2,0,,,,,,,,,
390253,2009,2009-04-19,Willowmoore Park,1,48.5,Afghanistan,Scotland,Hasti Gul,Khaliq Dad,JAR Blain,1,0,,,,,,,,,
390253,2009,2009-04-19,Willowmoore Park,1,48.6,Afghanistan,Scotland,Khaliq Dad,Hasti Gul,JAR Blain,0,0,,,,,,caught,Khaliq Dad,,
390253,2009,2009-04-19,Willowmoore Park,1,49.1,Afghanistan,Scotland,Hasti Gul,Hamid Hassan,CS MacLeod,2,0,,,,,,,,,
390253,2009,2009-04-19,Willowmoore Park,1,49.2,Afghanistan,Scotland,Hasti Gul,Hamid Hassan,CS MacLeod,1,0,,,,,,,,,
390253,2009,2009-04-19,Willowmoore Park,1,49.3,Afghanistan,Scotland,Hamid Hassan,Hasti Gul,CS MacLeod,0,0,,,,,,,,,
390253,2009,2009-04-19,Willowmoore Park,1,49.4,Afghanistan,Scotland,Hamid Hassan,Hasti Gul,CS MacLeod,0,1,,,1,,,,,,
390253,2009,2009-04-19,Willowmoore Park,1,49.5,Afghanistan,Scotland,Hasti Gul,Hamid Hassan,CS MacLeod,6,0,,,,,,,,,
390253,2009,2009-04-19,Willowmoore Park,1,49.6,Afghanistan,Scotland,Hasti Gul,Hamid Hassan,CS MacLeod,4,0,,,,,,,,,
390253,2009,2009-04-19,Willowmoore Park,2,0.1,Scotland,Afghanistan,GM Hamilton,RM Haq,Dawlat Ahmadzai,0,0,,,,,,,,,
390253,2009,2009-04-19,Willowmoore Park,2,0.2,Scotland,Afghanistan,GM Hamilton,RM Haq,Dawlat Ahmadzai,1,0,,,,,,,,,
390253,2009,2009-04-19,Willowmoore Park,2,0.3,Scotland,Afghanistan,RM Haq,GM Hamilton,Dawlat Ahmadzai,0,0,,,,,,,,,
390253,2009,2009-04-19,Willowmoore Park,2,0.4,Scotland,Afghanistan,RM Haq,GM Hamilton,Dawlat Ahmadzai,0,0,,,,,,,,,
390253,2009,2009-04-19,Willowmoore Park,2,0.5,Scotland,Afghanistan,RM Haq,GM Hamilton,Dawlat Ahmadzai,0,0,,,,,,,,,
390253,2009,2009-04-19,Willowmoore Park,2,0.6,Scotland,Afghanistan,RM Haq,GM Hamilton,Dawlat Ahmadzai,0,0,,,,,,,,,
390253,2009,2009-04-19,Willowmoore Park,2,1.1,Scotland,Afghanistan,GM Hamilton,RM Haq,Hasti Gul,0,0,,,,,,,,,
390253,2009,2009-04-19,Willowmoore Park,2,1.2,Scotland,Afghanistan,GM Hamilton,RM Haq,Hasti Gul,0,1,,1,,,,,,,
390253,2009,2009-04-19,Willowmoore Park,2,1.3,Scotland,Afghanistan,GM Hamilton,RM Haq,Hasti Gul,0,1,1,,,,,,,,
390253,2009,2009-04-19,Willowmoore Park,2,1.4,Scotland,Afghanistan,GM Hamilton,RM Haq,Hasti Gul,0,0,,,,,,,,,
390253,2009,2009-04-19,Willowmoore Park,2,1.5,Scotland,Afghanistan,GM Hamilton,RM Haq,Hasti Gul,0,0,,,,,,,,,
390253,2009,2009-04-19,Willowmoore Park,2,1.6,Scotland,Afghanistan,GM Hamilton,RM Haq,Hasti Gul,1,0,,,,,,,,,
390253,2009,2009-04-19,Willowmoore Park,2,1.7,Scotland,Afghanistan,RM Haq,GM Hamilton,Hasti Gul,0,0,,,,,,,,,
390253,2009,2009-04-19,Willowmoore Park,2,1.8,Scotland,Afghanistan,RM Haq,GM Hamilton,Hasti Gul,0,0,,,,,,,,,
390253,2009,2009-04-19,Willowmoore Park,2,2.1,Scotland,Afghanistan,GM Hamilton,RM Haq,Dawlat Ahmadzai,0,0,,,,,,,,,
390253,2009,2009-04-19,Willowmoore Park,2,2.2,Scotland,Afghanistan,GM Hamilton,RM Haq,Dawlat Ahmadzai,4,0,,,,,,,,,
390253,2009,2009-04-19,Willowmoore Park,2,2.3,Scotland,Afghanistan,GM Hamilton,RM Haq,Dawlat Ahmadzai,2,0,,,,,,,,,
390253,2009,2009-04-19,Willowmoore Park,2,2.4,Scotland,Afghanistan,GM Hamilton,RM Haq,Dawlat Ahmadzai,0,0,,,,,,caught,GM Hamilton,,
390253,2009,2009-04-19,Willowmoore Park,2,2.5,Scotland,Afghanistan,RM Haq,KJ Coetzer,Dawlat Ahmadzai,0,0,,,,,,,,,
390253,2009,2009-04-19,Willowmoore Park,2,2.6,Scotland,Afghanistan,RM Haq,KJ Coetzer,Dawlat Ahmadzai,1,0,,,,,,,,,
390253,2009,2009-04-19,Willowmoore Park,2,3.1,Scotland,Afghanistan,RM Haq,KJ Coetzer,Hasti Gul,0,0,,,,,,,,,
390253,2009,2009-04-19,Willowmoore Park,2,3.2,Scotland,Afghanistan,RM Haq,KJ Coetzer,Hasti Gul,0,0,,,,,,lbw,RM Haq,,
390253,2009,2009-04-19,Willowmoore Park,2,3.3,Scotland,Afghanistan,NFI McCallum,KJ Coetzer,Hasti Gul,0,0,,,,,,,,,
390253,2009,2009-04-19,Willowmoore Park,2,3.4,Scotland,Afghanistan,NFI McCallum,KJ Coetzer,Hasti Gul,0,0,,,,,,,,,
390253,2009,2009-04-19,Willowmoore Park,2,3.5,Scotland,Afghanistan,NFI McCallum,KJ Coetzer,Hasti Gul,0,0,,,,,,,,,
390253,2009,2009-04-19,Willowmoore Park,2,3.6,Scotland,Afghanistan,NFI McCallum,KJ Coetzer,Hasti Gul,0,0,,,,,,,,,
390253,2009,2009-04-19,Willowmoore Park,2,4.1,Scotland,Afghanistan,KJ Coetzer,NFI McCallum,Dawlat Ahmadzai,4,0,,,,,,,,,
390253,2009,2009-04-19,Willowmoore Park,2,4.2,Scotland,Afghanistan,KJ Coetzer,NFI McCallum,Dawlat Ahmadzai,4,0,,,,,,,,,
390253,2009,2009-04-19,Willowmoore Park,2,4.3,Scotland,Afghanistan,KJ Coetzer,NFI McCallum,Dawlat Ahmadzai,0,0,,,,,,,,,
390253,2009,2009-04-19,Willowmoore Park,2,4.4,Scotland,Afghanistan,KJ Coetzer,NFI McCallum,Dawlat Ahmadzai,0,0,,,,,,,,,
390253,2009,2009-04-19,Willowmoore Park,2,4.5,Scotland,Afghanistan,KJ Coetzer,NFI McCallum,Dawlat Ahmadzai,0,0,,,,,,,,,
390253,2009,2009-04-19,Willowmoore Park,2,4.6,Scotland,Afghanistan,KJ Coetzer,NFI McCallum,Dawlat Ahmadzai,0,0,,,,,,,,,
390253,2009,2009-04-19,Willowmoore Park,2,5.1,Scotland,Afghanistan,NFI McCallum,KJ Coetzer,Hasti Gul,4,0,,,,,,,,,
390253,2009,2009-04-19,Willowmoore Park,2,5.2,Scotland,Afghanistan,NFI McCallum,KJ Coetzer,Hasti Gul,0,0,,,,,,,,,
390253,2009,2009-04-19,Willowmoore Park,2,5.3,Scotland,Afghanistan,NFI McCallum,KJ Coetzer,Hasti Gul,0,0,,,,,,,,,
390253,2009,2009-04-19,Willowmoore Park,2,5.4,Scotland,Afghanistan,NFI McCallum,KJ Coetzer,Hasti Gul,0,0,,,,,,,,,
390253,2009,2009-04-19,Willowmoore Park,2,5.5,Scotland,Afghanistan,NFI McCallum,KJ Coetzer,Hasti Gul,0,0,,,,,,,,,
390253,2009,2009-04-19,Willowmoore Park,2,5.6,Scotland,Afghanistan,NFI McCallum,KJ Coetzer,Hasti Gul,0,0,,,,,,,,,
390253,2009,2009-04-19,Willowmoore Park,2,6.1,Scotland,Afghanistan,KJ Coetzer,NFI McCallum,Dawlat Ahmadzai,0,0,,,,,,,,,
390253,2009,2009-04-19,Willowmoore Park,2,6.2,Scotland,Afghanistan,KJ Coetzer,NFI McCallum,Dawlat Ahmadzai,4,0,,,,,,,,,
390253,2009,2009-04-19,Willowmoore Park,2,6.3,Scotland,Afghanistan,KJ Coetzer,NFI McCallum,Dawlat Ahmadzai,0,0,,,,,,,,,
390253,2009,2009-04-19,Willowmoore Park,2,6.4,Scotland,Afghanistan,KJ Coetzer,NFI McCallum,Dawlat Ahmadzai,0,0,,,,,,,,,
390253,2009,2009-04-19,Willowmoore Park,2,6.5,Scotland,Afghanistan,KJ Coetzer,NFI McCallum,Dawlat Ahmadzai,0,0,,,,,,,,,
390253,2009,2009-04-19,Willowmoore Park,2,6.6,Scotland,Afghanistan,KJ Coetzer,NFI McCallum,Dawlat Ahmadzai,0,0,,,,,,,,,
390253,2009,2009-04-19,Willowmoore Park,2,7.1,Scotland,Afghanistan,NFI McCallum,KJ Coetzer,Hasti Gul,4,0,,,,,,,,,
390253,2009,2009-04-19,Willowmoore Park,2,7.2,Scotland,Afghanistan,NFI McCallum,KJ Coetzer,Hasti Gul,0,0,,,,,,,,,
390253,2009,2009-04-19,Willowmoore Park,2,7.3,Scotland,Afghanistan,NFI McCallum,KJ Coetzer,Hasti Gul,0,0,,,,,,,,,
390253,2009,2009-04-19,Willowmoore Park,2,7.4,Scotland,Afghanistan,NFI McCallum,KJ Coetzer,Hasti Gul,4,0,,,,,,,,,
390253,2009,2009-04-19,Willowmoore Park,2,7.5,Scotland,Afghanistan,NFI McCallum,KJ Coetzer,Hasti Gul,4,0,,,,,,,,,
390253,2009,2009-04-19,Willowmoore Park,2,7.6,Scotland,Afghanistan,NFI McCallum,KJ Coetzer,Hasti Gul,0,0,,,,,,,,,
390253,2009,2009-04-19,Willowmoore Park,2,8.1,Scotland,Afghanistan,KJ Coetzer,NFI McCallum,Dawlat Ahmadzai,0,0,,,,,,,,,
390253,2009,2009-04-19,Willowmoore Park,2,8.2,Scotland,Afghanistan,KJ Coetzer,NFI McCallum,Dawlat Ahmadzai,1,0,,,,,,,,,
390253,2009,2009-04-19,Willowmoore Park,2,8.3,Scotland,Afghanistan,NFI McCallum,KJ Coetzer,Dawlat Ahmadzai,1,0,,,,,,,,,
390253,2009,2009-04-19,Willowmoore Park,2,8.4,Scotland,Afghanistan,KJ Coetzer,NFI McCallum,Dawlat Ahmadzai,4,0,,,,,,,,,
390253,2009,2009-04-19,Willowmoore Park,2,8.5,Scotland,Afghanistan,KJ Coetzer,NFI McCallum,Dawlat Ahmadzai,4,0,,,,,,,,,
390253,2009,2009-04-19,Willowmoore Park,2,8.6,Scotland,Afghanistan,KJ Coetzer,NFI McCallum,Dawlat Ahmadzai,0,0,,,,,,,,,
390253,2009,2009-04-19,Willowmoore Park,2,9.1,Scotland,Afghanistan,NFI McCallum,KJ Coetzer,Hasti Gul,4,0,,,,,,,,,
390253,2009,2009-04-19,Willowmoore Park,2,9.2,Scotland,Afghanistan,NFI McCallum,KJ Coetzer,Hasti Gul,0,0,,,,,,,,,
390253,2009,2009-04-19,Willowmoore Park,2,9.3,Scotland,Afghanistan,NFI McCallum,KJ Coetzer,Hasti Gul,0,0,,,,,,,,,
390253,2009,2009-04-19,Willowmoore Park,2,9.4,Scotland,Afghanistan,NFI McCallum,KJ Coetzer,Hasti Gul,0,0,,,,,,,,,
390253,2009,2009-04-19,Willowmoore Park,2,9.5,Scotland,Afghanistan,NFI McCallum,KJ Coetzer,Hasti Gul,0,0,,,,,,,,,
390253,2009,2009-04-19,Willowmoore Park,2,9.6,Scotland,Afghanistan,NFI McCallum,KJ Coetzer,Hasti Gul,1,0,,,,,,,,,
390253,2009,2009-04-19,Willowmoore Park,2,10.1,Scotland,Afghanistan,NFI McCallum,KJ Coetzer,Dawlat Ahmadzai,0,0,,,,,,,,,
390253,2009,2009-04-19,Willowmoore Park,2,10.2,Scotland,Afghanistan,NFI McCallum,KJ Coetzer,Dawlat Ahmadzai,4,0,,,,,,,,,
390253,2009,2009-04-19,Willowmoore Park,2,10.3,Scotland,Afghanistan,NFI McCallum,KJ Coetzer,Dawlat Ahmadzai,4,0,,,,,,,,,
390253,2009,2009-04-19,Willowmoore Park,2,10.4,Scotland,Afghanistan,NFI McCallum,KJ Coetzer,Dawlat Ahmadzai,0,0,,,,,,,,,
390253,2009,2009-04-19,Willowmoore Park,2,10.5,Scotland,Afghanistan,NFI McCallum,KJ Coetzer,Dawlat Ahmadzai,1,0,,,,,,,,,
390253,2009,2009-04-19,Willowmoore Park,2,10.6,Scotland,Afghanistan,KJ Coetzer,NFI McCallum,Dawlat Ahmadzai,1,0,,,,,,,,,
390253,2009,2009-04-19,Willowmoore Park,2,11.1,Scotland,Afghanistan,KJ Coetzer,NFI McCallum,Hasti Gul,0,0,,,,,,,,,
390253,2009,2009-04-19,Willowmoore Park,2,11.2,Scotland,Afghanistan,KJ Coetzer,NFI McCallum,Hasti Gul,1,0,,,,,,,,,
390253,2009,2009-04-19,Willowmoore Park,2,11.3,Scotland,Afghanistan,NFI McCallum,KJ Coetzer,Hasti Gul,0,0,,,,,,,,,
390253,2009,2009-04-19,Willowmoore Park,2,11.4,Scotland,Afghanistan,NFI McCallum,KJ Coetzer,Hasti Gul,1,0,,,,,,,,,
390253,2009,2009-04-19,Willowmoore Park,2,11.5,Scotland,Afghanistan,KJ Coetzer,NFI McCallum,Hasti Gul,0,0,,,,,,,,,
390253,2009,2009-04-19,Willowmoore Park,2,11.6,Scotland,Afghanistan,KJ Coetzer,NFI McCallum,Hasti Gul,0,0,,,,,,,,,
390253,2009,2009-04-19,Willowmoore Park,2,12.1,Scotland,Afghanistan,NFI McCallum,KJ Coetzer,Khaliq Dad,0,1,,,,1,,,,,
390253,2009,2009-04-19,Willowmoore Park,2,12.2,Scotland,Afghanistan,KJ Coetzer,NFI McCallum,Khaliq Dad,1,0,,,,,,,,,
390253,2009,2009-04-19,Willowmoore Park,2,12.3,Scotland,Afghanistan,NFI McCallum,KJ Coetzer,Khaliq Dad,4,0,,,,,,,,,
390253,2009,2009-04-19,Willowmoore Park,2,12.4,Scotland,Afghanistan,NFI McCallum,KJ Coetzer,Khaliq Dad,0,0,,,,,,lbw,NFI McCallum,,
390253,2009,2009-04-19,Willowmoore Park,2,12.5,Scotland,Afghanistan,RR Watson,KJ Coetzer,Khaliq Dad,0,0,,,,,,,,,
390253,2009,2009-04-19,Willowmoore Park,2,12.6,Scotland,Afghanistan,RR Watson,KJ Coetzer,Khaliq Dad,0,0,,,,,,,,,
390253,2009,2009-04-19,Willowmoore Park,2,13.1,Scotland,Afghanistan,KJ Coetzer,RR Watson,Hasti Gul,1,0,,,,,,,,,
390253,2009,2009-04-19,Willowmoore Park,2,13.2,Scotland,Afghanistan,RR Watson,KJ Coetzer,Hasti Gul,1,0,,,,,,,,,
390253,2009,2009-04-19,Willowmoore Park,2,13.3,Scotland,Afghanistan,KJ Coetzer,RR Watson,Hasti Gul,0,0,,,,,,,,,
390253,2009,2009-04-19,Willowmoore Park,2,13.4,Scotland,Afghanistan,KJ Coetzer,RR Watson,Hasti Gul,1,0,,,,,,,,,
390253,2009,2009-04-19,Willowmoore Park,2,13.5,Scotland,Afghanistan,RR Watson,KJ Coetzer,Hasti Gul,0,0,,,,,,,,,
390253,2009,2009-04-19,Willowmoore Park,2,13.6,Scotland,Afghanistan,RR Watson,KJ Coetzer,Hasti Gul,4,0,,,,,,,,,
390253,2009,2009-04-19,Willowmoore Park,2,14.1,Scotland,Afghanistan,KJ Coetzer,RR Watson,Khaliq Dad,1,0,,,,,,,,,
390253,2009,2009-04-19,Willowmoore Park,2,14.2,Scotland,Afghanistan,RR Watson,KJ Coetzer,Khaliq Dad,1,0,,,,,,,,,
390253,2009,2009-04-19,Willowmoore Park,2,14.3,Scotland,Afghanistan,KJ Coetzer,RR Watson,Khaliq Dad,0,0,,,,,,,,,
390253,2009,2009-04-19,Willowmoore Park,2,14.4,Scotland,Afghanistan,KJ Coetzer,RR Watson,Khaliq Dad,1,0,,,,,,,,,
390253,2009,2009-04-19,Willowmoore Park,2,14.5,Scotland,Afghanistan,RR Watson,KJ Coetzer,Khaliq Dad,0,1,,,,1,,,,,
390253,2009,2009-04-19,Willowmoore Park,2,14.6,Scotland,Afghanistan,KJ Coetzer,RR Watson,Khaliq Dad,0,0,,,,,,,,,
390253,2009,2009-04-19,Willowmoore Park,2,15.1,Scotland,Afghanistan,RR Watson,KJ Coetzer,Hasti Gul,0,0,,,,,,,,,
390253,2009,2009-04-19,Willowmoore Park,2,15.2,Scotland,Afghanistan,RR Watson,KJ Coetzer,Hasti Gul,0,0,,,,,,,,,
390253,2009,2009-04-19,Willowmoore Park,2,15.3,Scotland,Afghanistan,RR Watson,KJ Coetzer,Hasti Gul,0,0,,,,,,caught,RR Watson,,
390253,2009,2009-04-19,Willowmoore Park,2,15.4,Scotland,Afghanistan,CJO Smith,KJ Coetzer,Hasti Gul,0,0,,,,,,,,,
390253,2009,2009-04-19,Willowmoore Park,2,15.5,Scotland,Afghanistan,CJO Smith,KJ Coetzer,Hasti Gul,0,0,,,,,,,,,
390253,2009,2009-04-19,Willowmoore Park,2,15.6,Scotland,Afghanistan,CJO Smith,KJ Coetzer,Hasti Gul,4,0,,,,,,,,,
390253,2009,2009-04-19,Willowmoore Park,2,16.1,Scotland,Afghanistan,KJ Coetzer,CJO Smith,Khaliq Dad,0,0,,,,,,,,,
390253,2009,2009-04-19,Willowmoore Park,2,16.2,Scotland,Afghanistan,KJ Coetzer,CJO Smith,Khaliq Dad,0,0,,,,,,,,,
390253,2009,2009-04-19,Willowmoore Park,2,16.3,Scotland,Afghanistan,KJ Coetzer,CJO Smith,Khaliq Dad,0,0,,,,,,,,,
390253,2009,2009-04-19,Willowmoore Park,2,16.4,Scotland,Afghanistan,KJ Coetzer,CJO Smith,Khaliq Dad,4,0,,,,,,,,,
390253,2009,2009-04-19,Willowmoore Park,2,16.5,Scotland,Afghanistan,KJ Coetzer,CJO Smith,Khaliq Dad,4,0,,,,,,,,,
390253,2009,2009-04-19,Willowmoore Park,2,16.6,Scotland,Afghanistan,KJ Coetzer,CJO Smith,Khaliq Dad,0,0,,,,,,,,,
390253,2009,2009-04-19,Willowmoore Park,2,17.1,Scotland,Afghanistan,CJO Smith,KJ Coetzer,Hasti Gul,2,0,,,,,,,,,
390253,2009,2009-04-19,Willowmoore Park,2,17.2,Scotland,Afghanistan,CJO Smith,KJ Coetzer,Hasti Gul,0,0,,,,,,,,,
390253,2009,2009-04-19,Willowmoore Park,2,17.3,Scotland,Afghanistan,CJO Smith,KJ Coetzer,Hasti Gul,4,0,,,,,,,,,
390253,2009,2009-04-19,Willowmoore Park,2,17.4,Scotland,Afghanistan,CJO Smith,KJ Coetzer,Hasti Gul,2,0,,,,,,,,,
390253,2009,2009-04-19,Willowmoore Park,2,17.5,Scotland,Afghanistan,CJO Smith,KJ Coetzer,Hasti Gul,1,0,,,,,,,,,
390253,2009,2009-04-19,Willowmoore Park,2,17.6,Scotland,Afghanistan,KJ Coetzer,CJO Smith,Hasti Gul,2,0,,,,,,,,,
390253,2009,2009-04-19,Willowmoore Park,2,18.1,Scotland,Afghanistan,CJO Smith,KJ Coetzer,Khaliq Dad,1,0,,,,,,,,,
390253,2009,2009-04-19,Willowmoore Park,2,18.2,Scotland,Afghanistan,KJ Coetzer,CJO Smith,Khaliq Dad,0,0,,,,,,,,,
390253,2009,2009-04-19,Willowmoore Park,2,18.3,Scotland,Afghanistan,KJ Coetzer,CJO Smith,Khaliq Dad,2,0,,,,,,,,,
390253,2009,2009-04-19,Willowmoore Park,2,18.4,Scotland,Afghanistan,KJ Coetzer,CJO Smith,Khaliq Dad,0,0,,,,,,,,,
390253,2009,2009-04-19,Willowmoore Park,2,18.5,Scotland,Afghanistan,KJ Coetzer,CJO Smith,Khaliq Dad,0,1,,,,1,,,,,
390253,2009,2009-04-19,Willowmoore Park,2,18.6,Scotland,Afghanistan,CJO Smith,KJ Coetzer,Khaliq Dad,0,0,,,,,,,,,
390253,2009,2009-04-19,Willowmoore Park,2,19.1,Scotland,Afghanistan,KJ Coetzer,CJO Smith,Hamid Hassan,0,0,,,,,,,,,
390253,2009,2009-04-19,Willowmoore Park,2,19.2,Scotland,Afghanistan,KJ Coetzer,CJO Smith,Hamid Hassan,4,0,,,,,,,,,
390253,2009,2009-04-19,Willowmoore Park,2,19.3,Scotland,Afghanistan,KJ Coetzer,CJO Smith,Hamid Hassan,0,0,,,,,,,,,
390253,2009,2009-04-19,Willowmoore Park,2,19.4,Scotland,Afghanistan,KJ Coetzer,CJO Smith,Hamid Hassan,0,0,,,,,,,,,
390253,2009,2009-04-19,Willowmoore Park,2,19.5,Scotland,Afghanistan,KJ Coetzer,CJO Smith,Hamid Hassan,0,0,,,,,,caught,KJ Coetzer,,
390253,2009,2009-04-19,Willowmoore Park,2,19.6,Scotland,Afghanistan,JH Stander,CJO Smith,Hamid Hassan,0,0,,,,,,,,,
390253,2009,2009-04-19,Willowmoore Park,2,20.1,Scotland,Afghanistan,CJO Smith,JH Stander,Khaliq Dad,0,0,,,,,,,,,
390253,2009,2009-04-19,Willowmoore Park,2,20.2,Scotland,Afghanistan,CJO Smith,JH Stander,Khaliq Dad,1,0,,,,,,,,,
390253,2009,2009-04-19,Willowmoore Park,2,20.3,Scotland,Afghanistan,JH Stander,CJO Smith,Khaliq Dad,0,0,,,,,,,,,
390253,2009,2009-04-19,Willowmoore Park,2,20.4,Scotland,Afghanistan,JH Stander,CJO Smith,Khaliq Dad,0,1,,,,1,,,,,
390253,2009,2009-04-19,Willowmoore Park,2,20.5,Scotland,Afghanistan,CJO Smith,JH Stander,Khaliq Dad,0,0,,,,,,bowled,CJO Smith,,
390253,2009,2009-04-19,Willowmoore Park,2,20.6,Scotland,Afghanistan,MM Iqbal,JH Stander,Khaliq Dad,0,0,,,,,,,,,
390253,2009,2009-04-19,Willowmoore Park,2,21.1,Scotland,Afghanistan,JH Stander,MM Iqbal,Hamid Hassan,0,1,1,,,,,,,,
390253,2009,2009-04-19,Willowmoore Park,2,21.2,Scotland,Afghanistan,JH Stander,MM Iqbal,Hamid Hassan,0,0,,,,,,,,,
390253,2009,2009-04-19,Willowmoore Park,2,21.3,Scotland,Afghanistan,JH Stander,MM Iqbal,Hamid Hassan,0,0,,,,,,,,,
390253,2009,2009-04-19,Willowmoore Park,2,21.4,Scotland,Afghanistan,JH Stander,MM Iqbal,Hamid Hassan,0,0,,,,,,bowled,JH Stander,,
390253,2009,2009-04-19,Willowmoore Park,2,21.5,Scotland,Afghanistan,JAR Blain,MM Iqbal,Hamid Hassan,1,0,,,,,,,,,
390253,2009,2009-04-19,Willowmoore Park,2,21.6,Scotland,Afghanistan,MM Iqbal,JAR Blain,Hamid Hassan,1,0,,,,,,,,,
390253,2009,2009-04-19,Willowmoore Park,2,21.7,Scotland,Afghanistan,JAR Blain,MM Iqbal,Hamid Hassan,0,0,,,,,,,,,
390253,2009,2009-04-19,Willowmoore Park,2,22.1,Scotland,Afghanistan,MM Iqbal,JAR Blain,Khaliq Dad,1,0,,,,,,,,,
390253,2009,2009-04-19,Willowmoore Park,2,22.2,Scotland,Afghanistan,JAR Blain,MM Iqbal,Khaliq Dad,0,0,,,,,,,,,
390253,2009,2009-04-19,Willowmoore Park,2,22.3,Scotland,Afghanistan,JAR Blain,MM Iqbal,Khaliq Dad,1,0,,,,,,,,,
390253,2009,2009-04-19,Willowmoore Park,2,22.4,Scotland,Afghanistan,MM Iqbal,JAR Blain,Khaliq Dad,0,0,,,,,,,,,
390253,2009,2009-04-19,Willowmoore Park,2,22.5,Scotland,Afghanistan,MM Iqbal,JAR Blain,Khaliq Dad,1,0,,,,,,,,,
390253,2009,2009-04-19,Willowmoore Park,2,22.6,Scotland,Afghanistan,JAR Blain,MM Iqbal,Khaliq Dad,2,0,,,,,,,,,
390253,2009,2009-04-19,Willowmoore Park,2,23.1,Scotland,Afghanistan,MM Iqbal,JAR Blain,Hamid Hassan,0,0,,,,,,,,,
390253,2009,2009-04-19,Willowmoore Park,2,23.2,Scotland,Afghanistan,MM Iqbal,JAR Blain,Hamid Hassan,4,0,,,,,,,,,
390253,2009,2009-04-19,Willowmoore Park,2,23.3,Scotland,Afghanistan,MM Iqbal,JAR Blain,Hamid Hassan,0,0,,,,,,,,,
390253,2009,2009-04-19,Willowmoore Park,2,23.4,Scotland,Afghanistan,MM Iqbal,JAR Blain,Hamid Hassan,0,0,,,,,,,,,
390253,2009,2009-04-19,Willowmoore Park,2,23.5,Scotland,Afghanistan,MM Iqbal,JAR Blain,Hamid Hassan,0,0,,,,,,,,,
390253,2009,2009-04-19,Willowmoore Park,2,23.6,Scotland,Afghanistan,MM Iqbal,JAR Blain,Hamid Hassan,0,0,,,,,,,,,
390253,2009,2009-04-19,Willowmoore Park,2,24.1,Scotland,Afghanistan,JAR Blain,MM Iqbal,Mohammad Nabi,1,0,,,,,,,,,
390253,2009,2009-04-19,Willowmoore Park,2,24.2,Scotland,Afghanistan,MM Iqbal,JAR Blain,Mohammad Nabi,2,0,,,,,,,,,
390253,2009,2009-04-19,Willowmoore Park,2,24.3,Scotland,Afghanistan,MM Iqbal,JAR Blain,Mohammad Nabi,0,0,,,,,,,,,
390253,2009,2009-04-19,Willowmoore Park,2,24.4,Scotland,Afghanistan,MM Iqbal,JAR Blain,Mohammad Nabi,0,0,,,,,,,,,
390253,2009,2009-04-19,Willowmoore Park,2,24.5,Scotland,Afghanistan,MM Iqbal,JAR Blain,Mohammad Nabi,0,0,,,,,,,,,
390253,2009,2009-04-19,Willowmoore Park,2,24.6,Scotland,Afghanistan,MM Iqbal,JAR Blain,Mohammad Nabi,0,0,,,,,,,,,
390253,2009,2009-04-19,Willowmoore Park,2,25.1,Scotland,Afghanistan,JAR Blain,MM Iqbal,Hamid Hassan,0,0,,,,,,,,,
390253,2009,2009-04-19,Willowmoore Park,2,25.2,Scotland,Afghanistan,JAR Blain,MM Iqbal,Hamid Hassan,0,1,,,,1,,,,,
390253,2009,2009-04-19,Willowmoore Park,2,25.3,Scotland,Afghanistan,MM Iqbal,JAR Blain,Hamid Hassan,0,0,,,,,,,,,
390253,2009,2009-04-19,Willowmoore Park,2,25.4,Scotland,Afghanistan,MM Iqbal,JAR Blain,Hamid Hassan,4,0,,,,,,,,,
390253,2009,2009-04-19,Willowmoore Park,2,25.5,Scotland,Afghanistan,MM Iqbal,JAR Blain,Hamid Hassan,1,0,,,,,,,,,
390253,2009,2009-04-19,Willowmoore Park,2,25.6,Scotland,Afghanistan,JAR Blain,MM Iqbal,Hamid Hassan,0,0,,,,,,,,,
390253,2009,2009-04-19,Willowmoore Park,2,26.1,Scotland,Afghanistan,MM Iqbal,JAR Blain,Mohammad Nabi,1,0,,,,,,,,,
390253,2009,2009-04-19,Willowmoore Park,2,26.2,Scotland,Afghanistan,JAR Blain,MM Iqbal,Mohammad Nabi,0,0,,,,,,,,,
390253,2009,2009-04-19,Willowmoore Park,2,26.3,Scotland,Afghanistan,JAR Blain,MM Iqbal,Mohammad Nabi,0,0,,,,,,,,,
390253,2009,2009-04-19,Willowmoore Park,2,26.4,Scotland,Afghanistan,JAR Blain,MM Iqbal,Mohammad Nabi,0,0,,,,,,,,,
390253,2009,2009-04-19,Willowmoore Park,2,26.5,Scotland,Afghanistan,JAR Blain,MM Iqbal,Mohammad Nabi,2,0,,,,,,,,,
390253,2009,2009-04-19,Willowmoore Park,2,26.6,Scotland,Afghanistan,JAR Blain,MM Iqbal,Mohammad Nabi,0,0,,,,,,,,,
390253,2009,2009-04-19,Willowmoore Park,2,27.1,Scotland,Afghanistan,MM Iqbal,JAR Blain,Hamid Hassan,0,0,,,,,,,,,
390253,2009,2009-04-19,Willowmoore Park,2,27.2,Scotland,Afghanistan,MM Iqbal,JAR Blain,Hamid Hassan,0,0,,,,,,,,,
390253,2009,2009-04-19,Willowmoore Park,2,27.3,Scotland,Afghanistan,MM Iqbal,JAR Blain,Hamid Hassan,0,0,,,,,,,,,
390253,2009,2009-04-19,Willowmoore Park,2,27.4,Scotland,Afghanistan,MM Iqbal,JAR Blain,Hamid Hassan,0,0,,,,,,,,,
390253,2009,2009-04-19,Willowmoore Park,2,27.5,Scotland,Afghanistan,MM Iqbal,JAR Blain,Hamid Hassan,0,0,,,,,,run out,MM Iqbal,,
390253,2009,2009-04-19,Willowmoore Park,2,27.6,Scotland,Afghanistan,CS MacLeod,JAR Blain,Hamid Hassan,0,0,,,,,,,,,
390253,2009,2009-04-19,Willowmoore Park,2,28.1,Scotland,Afghanistan,JAR Blain,CS MacLeod,Mohammad Nabi,2,0,,,,,,,,,
390253,2009,2009-04-19,Willowmoore Park,2,28.2,Scotland,Afghanistan,JAR Blain,CS MacLeod,Mohammad Nabi,0,0,,,,,,,,,
390253,2009,2009-04-19,Willowmoore Park,2,28.3,Scotland,Afghanistan,JAR Blain,CS MacLeod,Mohammad Nabi,0,0,,,,,,,,,
390253,2009,2009-04-19,Willowmoore Park,2,28.4,Scotland,Afghanistan,JAR Blain,CS MacLeod,Mohammad Nabi,0,0,,,,,,,,,
390253,2009,2009-04-19,Willowmoore Park,2,28.5,Scotland,Afghanistan,JAR Blain,CS MacLeod,Mohammad Nabi,0,0,,,,,,,,,
390253,2009,2009-04-19,Willowmoore Park,2,28.6,Scotland,Afghanistan,JAR Blain,CS MacLeod,Mohammad Nabi,0,1,1,,,,,,,,
390253,2009,2009-04-19,Willowmoore Park,2,28.7,Scotland,Afghanistan,JAR Blain,CS MacLeod,Mohammad Nabi,0,0,,,,,,,,,
390253,2009,2009-04-19,Willowmoore Park,2,29.1,Scotland,Afghanistan,CS MacLeod,JAR Blain,Hamid Hassan,0,0,,,,,,,,,
390253,2009,2009-04-19,Willowmoore Park,2,29.2,Scotland,Afghanistan,CS MacLeod,JAR Blain,Hamid Hassan,0,0,,,,,,,,,
390253,2009,2009-04-19,Willowmoore Park,2,29.3,Scotland,Afghanistan,CS MacLeod,JAR Blain,Hamid Hassan,0,0,,,,,,lbw,CS MacLeod,,
390253,2009,2009-04-19,Willowmoore Park,2,29.4,Scotland,Afghanistan,GD Drummond,JAR Blain,Hamid Hassan,4,0,,,,,,,,,
390253,2009,2009-04-19,Willowmoore Park,2,29.5,Scotland,Afghanistan,GD Drummond,JAR Blain,Hamid Hassan,0,0,,,,,,,,,
390253,2009,2009-04-19,Willowmoore Park,2,29.6,Scotland,Afghanistan,GD Drummond,JAR Blain,Hamid Hassan,0,0,,,,,,,,,
390253,2009,2009-04-19,Willowmoore Park,2,30.1,Scotland,Afghanistan,JAR Blain,GD Drummond,Mohammad Nabi,0,0,,,,,,,,,
390253,2009,2009-04-19,Willowmoore Park,2,30.2,Scotland,Afghanistan,JAR Blain,GD Drummond,Mohammad Nabi,4,0,,,,,,,,,
390253,2009,2009-04-19,Willowmoore Park,2,30.3,Scotland,Afghanistan,JAR Blain,GD Drummond,Mohammad Nabi,1,0,,,,,,,,,
390253,2009,2009-04-19,Willowmoore Park,2,30.4,Scotland,Afghanistan,GD Drummond,JAR Blain,Mohammad Nabi,0,0,,,,,,,,,
390253,2009,2009-04-19,Willowmoore Park,2,30.5,Scotland,Afghanistan,GD Drummond,JAR Blain,Mohammad Nabi,0,0,,,,,,,,,
390253,2009,2009-04-19,Willowmoore Park,2,30.6,Scotland,Afghanistan,GD Drummond,JAR Blain,Mohammad Nabi,0,0,,,,,,,,,
390253,2009,2009-04-19,Willowmoore Park,2,31.1,Scotland,Afghanistan,JAR Blain,GD Drummond,Samiullah Shenwari,0,0,,,,,,,,,
390253,2009,2009-04-19,Willowmoore Park,2,31.2,Scotland,Afghanistan,JAR Blain,GD Drummond,Samiullah Shenwari,1,0,,,,,,,,,
390253,2009,2009-04-19,Willowmoore Park,2,31.3,Scotland,Afghanistan,GD Drummond,JAR Blain,Samiullah Shenwari,0,0,,,,,,,,,
390253,2009,2009-04-19,Willowmoore Park,2,31.4,Scotland,Afghanistan,GD Drummond,JAR Blain,Samiullah Shenwari,0,1,1,,,,,,,,
390253,2009,2009-04-19,Willowmoore Park,2,31.5,Scotland,Afghanistan,GD Drummond,JAR Blain,Samiullah Shenwari,0,0,,,,,,,,,
390253,2009,2009-04-19,Willowmoore Park,2,31.6,Scotland,Afghanistan,GD Drummond,JAR Blain,Samiullah Shenwari,1,0,,,,,,,,,
390253,2009,2009-04-19,Willowmoore Park,2,31.7,Scotland,Afghanistan,JAR Blain,GD Drummond,Samiullah Shenwari,0,0,,,,,,,,,
390253,2009,2009-04-19,Willowmoore Park,2,32.1,Scotland,Afghanistan,GD Drummond,JAR Blain,Mohammad Nabi,0,0,,,,,,,,,
390253,2009,2009-04-19,Willowmoore Park,2,32.2,Scotland,Afghanistan,GD Drummond,JAR Blain,Mohammad Nabi,1,0,,,,,,,,,
390253,2009,2009-04-19,Willowmoore Park,2,32.3,Scotland,Afghanistan,JAR Blain,GD Drummond,Mohammad Nabi,1,0,,,,,,,,,
390253,2009,2009-04-19,Willowmoore Park,2,32.4,Scotland,Afghanistan,GD Drummond,JAR Blain,Mohammad Nabi,4,0,,,,,,,,,
390253,2009,2009-04-19,Willowmoore Park,2,32.5,Scotland,Afghanistan,GD Drummond,JAR Blain,Mohammad Nabi,2,0,,,,,,,,,
390253,2009,2009-04-19,Willowmoore Park,2,32.6,Scotland,Afghanistan,GD Drummond,JAR Blain,Mohammad Nabi,0,0,,,,,,,,,
390253,2009,2009-04-19,Willowmoore Park,2,33.1,Scotland,Afghanistan,JAR Blain,GD Drummond,Samiullah Shenwari,0,0,,,,,,,,,
390253,2009,2009-04-19,Willowmoore Park,2,33.2,Scotland,Afghanistan,JAR Blain,GD Drummond,Samiullah Shenwari,2,0,,,,,,,,,
390253,2009,2009-04-19,Willowmoore Park,2,33.3,Scotland,Afghanistan,JAR Blain,GD Drummond,Samiullah Shenwari,0,0,,,,,,,,,
390253,2009,2009-04-19,Willowmoore Park,2,33.4,Scotland,Afghanistan,JAR Blain,GD Drummond,Samiullah Shenwari,2,0,,,,,,,,,
390253,2009,2009-04-19,Willowmoore Park,2,33.5,Scotland,Afghanistan,JAR Blain,GD Drummond,Samiullah Shenwari,0,0,,,,,,,,,
390253,2009,2009-04-19,Willowmoore Park,2,33.6,Scotland,Afghanistan,JAR Blain,GD Drummond,Samiullah Shenwari,1,0,,,,,,,,,
390253,2009,2009-04-19,Willowmoore Park,2,34.1,Scotland,Afghanistan,JAR Blain,GD Drummond,Mohammad Nabi,1,0,,,,,,,,,
390253,2009,2009-04-19,Willowmoore Park,2,34.2,Scotland,Afghanistan,GD Drummond,JAR Blain,Mohammad Nabi,3,0,,,,,,,,,
390253,2009,2009-04-19,Willowmoore Park,2,34.3,Scotland,Afghanistan,JAR Blain,GD Drummond,Mohammad Nabi,2,0,,,,,,,,,
390253,2009,2009-04-19,Willowmoore Park,2,34.4,Scotland,Afghanistan,JAR Blain,GD Drummond,Mohammad Nabi,1,0,,,,,,,,,
390253,2009,2009-04-19,Willowmoore Park,2,34.5,Scotland,Afghanistan,GD Drummond,JAR Blain,Mohammad Nabi,4,0,,,,,,,,,
390253,2009,2009-04-19,Willowmoore Park,2,34.6,Scotland,Afghanistan,GD Drummond,JAR Blain,Mohammad Nabi,0,0,,,,,,,,,
390253,2009,2009-04-19,Willowmoore Park,2,35.1,Scotland,Afghanistan,JAR Blain,GD Drummond,Hamid Hassan,2,0,,,,,,,,,
390253,2009,2009-04-19,Willowmoore Park,2,35.2,Scotland,Afghanistan,JAR Blain,GD Drummond,Hamid Hassan,4,0,,,,,,,,,
390253,2009,2009-04-19,Willowmoore Park,2,35.3,Scotland,Afghanistan,JAR Blain,GD Drummond,Hamid Hassan,0,0,,,,,,,,,
390253,2009,2009-04-19,Willowmoore Park,2,35.4,Scotland,Afghanistan,JAR Blain,GD Drummond,Hamid Hassan,0,0,,,,,,,,,
390253,2009,2009-04-19,Willowmoore Park,2,35.5,Scotland,Afghanistan,JAR Blain,GD Drummond,Hamid Hassan,0,4,,,4,,,,,,
390253,2009,2009-04-19,Willowmoore Park,2,35.6,Scotland,Afghanistan,JAR Blain,GD Drummond,Hamid Hassan,0,0,,,,,,,,,
390253,2009,2009-04-19,Willowmoore Park,2,36.1,Scotland,Afghanistan,GD Drummond,JAR Blain,Mohammad Nabi,1,0,,,,,,,,,
390253,2009,2009-04-19,Willowmoore Park,2,36.2,Scotland,Afghanistan,JAR Blain,GD Drummond,Mohammad Nabi,0,0,,,,,,,,,
390253,2009,2009-04-19,Willowmoore Park,2,36.3,Scotland,Afghanistan,JAR Blain,GD Drummond,Mohammad Nabi,0,1,1,,,,,,,,
390253,2009,2009-04-19,Willowmoore Park,2,36.4,Scotland,Afghanistan,JAR Blain,GD Drummond,Mohammad Nabi,1,0,,,,,,,,,
390253,2009,2009-04-19,Willowmoore Park,2,36.5,Scotland,Afghanistan,GD Drummond,JAR Blain,Mohammad Nabi,0,0,,,,,,,,,
390253,2009,2009-04-19,Willowmoore Park,2,36.6,Scotland,Afghanistan,GD Drummond,JAR Blain,Mohammad Nabi,2,0,,,,,,,,,
390253,2009,2009-04-19,Willowmoore Park,2,36.7,Scotland,Afghanistan,GD Drummond,JAR Blain,Mohammad Nabi,0,0,,,,,,,,,
390253,2009,2009-04-19,Willowmoore Park,2,37.1,Scotland,Afghanistan,JAR Blain,GD Drummond,Hamid Hassan,4,0,,,,,,,,,
390253,2009,2009-04-19,Willowmoore Park,2,37.2,Scotland,Afghanistan,JAR Blain,GD Drummond,Hamid Hassan,1,0,,,,,,,,,
390253,2009,2009-04-19,Willowmoore Park,2,37.3,Scotland,Afghanistan,GD Drummond,JAR Blain,Hamid Hassan,1,0,,,,,,,,,
390253,2009,2009-04-19,Willowmoore Park,2,37.4,Scotland,Afghanistan,JAR Blain,GD Drummond,Hamid Hassan,0,0,,,,,,,,,
390253,2009,2009-04-19,Willowmoore Park,2,37.5,Scotland,Afghanistan,JAR Blain,GD Drummond,Hamid Hassan,0,0,,,,,,,,,
390253,2009,2009-04-19,Willowmoore Park,2,37.6,Scotland,Afghanistan,JAR Blain,GD Drummond,Hamid Hassan,1,0,,,,,,,,,
390253,2009,2009-04-19,Willowmoore Park,2,38.1,Scotland,Afghanistan,JAR Blain,GD Drummond,Mohammad Nabi,0,0,,,,,,,,,
390253,2009,2009-04-19,Willowmoore Park,2,38.2,Scotland,Afghanistan,JAR Blain,GD Drummond,Mohammad Nabi,1,0,,,,,,,,,
390253,2009,2009-04-19,Willowmoore Park,2,38.3,Scotland,Afghanistan,GD Drummond,JAR Blain,Mohammad Nabi,1,0,,,,,,,,,
390253,2009,2009-04-19,Willowmoore Park,2,38.4,Scotland,Afghanistan,JAR Blain,GD Drummond,Mohammad Nabi,1,0,,,,,,,,,
390253,2009,2009-04-19,Willowmoore Park,2,38.5,Scotland,Afghanistan,GD Drummond,JAR Blain,Mohammad Nabi,0,0,,,,,,,,,
390253,2009,2009-04-19,Willowmoore Park,2,38.6,Scotland,Afghanistan,GD Drummond,JAR Blain,Mohammad Nabi,0,0,,,,,,,,,
390253,2009,2009-04-19,Willowmoore Park,2,39.1,Scotland,Afghanistan,JAR Blain,GD Drummond,Nawroz Mangal,0,0,,,,,,,,,
390253,2009,2009-04-19,Willowmoore Park,2,39.2,Scotland,Afghanistan,JAR Blain,GD Drummond,Nawroz Mangal,1,0,,,,,,,,,
390253,2009,2009-04-19,Willowmoore Park,2,39.3,Scotland,Afghanistan,GD Drummond,JAR Blain,Nawroz Mangal,0,0,,,,,,,,,
390253,2009,2009-04-19,Willowmoore Park,2,39.4,Scotland,Afghanistan,GD Drummond,JAR Blain,Nawroz Mangal,1,0,,,,,,,,,
390253,2009,2009-04-19,Willowmoore Park,2,39.5,Scotland,Afghanistan,JAR Blain,GD Drummond,Nawroz Mangal,0,0,,,,,,,,,
390253,2009,2009-04-19,Willowmoore Park,2,39.6,Scotland,Afghanistan,JAR Blain,GD Drummond,Nawroz Mangal,0,0,,,,,,bowled,JAR Blain,,
